0.748752
0.7280615
0.7074635
0.68724
0.6675555
0.6484945
0.63006
0.6122035
0.5948935
0.578127
0.5618385
0.545969
0.5304695
0.515354
0.5006045
0.4862115
0.4721705
0.458454
0.4450775
0.4320115
0.4192745
0.406826
0.394674
0.3828185
0.3712455
0.3599715
0.348999
0.338326
0.3279465
0.317841
0.3080395
0.2985185
0.2892675
0.2802705
0.271523
0.263035
0.254773
0.246748
0.23896
0.2314125
0.2240725
0.216954
0.210033
0.203337
0.1968485
0.1905645
0.184475
0.178574
0.1728645
0.167326
0.161959
0.156754
0.1517065
0.14682
0.1420805
0.137489
0.1330455
0.128746
0.124586
0.120573
0.1166865
0.1129295
0.1093025
0.105791
0.1023905
0.099106
0.095935
0.09286
0.089875
0.086982
0.0841705
0.0814405
0.0787835
0.0762005
0.0736895
0.071247
0.068871
0.0665655
0.0643335
0.0621685
0.0600625
0.058015
0.056048
0.0541535
0.052333
0.0505685
0.048878
0.047244
0.045659
0.0441235
0.0426325
0.041189
0.0397895
0.038436
0.037122
0.0358465
0.034609
0.0334065
0.0322415
0.0311065
0.030009
0.0289555
0.027944
0.026966
0.0260165
0.025098
0.0242145
0.023359
0.0225315
0.0217205
0.0209295
0.0201705
0.01944
0.0187275
0.0180425
0.0173805
0.0167385
0.0161155
0.0155095
0.0149205
0.014351
0.0137975
0.0132605
0.0127385
0.012242
0.011766
0.011304
0.0108565
0.010419
0.0099925
0.009579
0.0091785
0.008792
0.0084265
0.008074
0.0077345
0.007412
0.0071025
0.0068035
0.006516
0.0062355
0.0059665
0.005707
0.0054575
0.005214
0.0049785
0.004751
0.0045315
0.004323
0.0041235
0.003934
0.0037545
0.003585
0.0034225
0.003266
0.003116
0.00297
0.0028265
0.0026885
0.0025585
0.002435
0.0023155
0.002202
0.0020955
0.0019965
0.001902
0.001814
0.0017275
0.0016435
0.001563
0.0014855
0.001413
0.0013415
0.001272
0.0012045
0.00114
0.0010795
0.0010245
0.0009725
0.0009215
0.000871
0.000824
0.0007815
0.000743
0.000705
0.00067
0.0006385
0.000607
0.000577
0.000548
0.0005195
0.0004915
0.0004645
0.0004405
0.0004195
0.0003995
0.00038
0.0003615
0.0003455
0.000331
0.0003175
0.000304
0.0002915
0.0002795
0.0002685
0.000258
0.0002475
0.000237
0.0002265
0.0002165
0.000207
0.0001975
0.000188
0.000179
0.0001705
0.000162
0.0001535
0.000146
0.000139
0.000132
0.000125
0.000118
0.000111
0.0001045
9.8e-5
9.15e-5
8.5e-5
7.95e-5
7.45e-5
6.95e-5
6.5e-5
6.1e-5
5.7e-5
5.3e-5
4.9e-5
4.5e-5
4.2e-5
3.9e-5
3.6e-5
3.35e-5
3.15e-5
2.95e-5
2.75e-5
2.55e-5
2.35e-5
2.15e-5
1.95e-5
1.75e-5
1.55e-5
1.35e-5
1.15e-5
9.5e-6
7.5e-6
5.5e-6
3.5e-6
2.0e-6
1.0e-6
0.0
0.0
0.0
0.0
0.0
0.0
0.0
0.0
0.0
0.0
0.0
0.0
0.0
0.0
0.0
0.0
0.0
0.0
0.0
0.0
0.0
0.0
0.0
0.0
0.0
0.0
0.0
0.0
0.0
0.0
0.0
0.0
0.0
0.0
0.0
0.0
0.0
0.0
0.0
0.0
0.0
0.0
0.0
0.0
0.0
0.0
0.0
0.0
0.0
0.0
0.0
0.0
0.0
0.0
0.0
0.0
0.0
0.0
0.0
0.0
0.0
0.0
0.0
0.0
0.0
0.0
0.0
0.0
0.0
0.0
0.0
0.0
0.0
0.0
0.0
0.0
0.0
0.0
0.0
0.0
0.0
0.0
0.0
0.0
0.0
0.0
0.0
0.0
0.0
0.0
0.0
0.0
0.0
0.0
0.0
0.0
0.0
0.0
0.0
0.0
0.0
0.0
0.0
0.0
0.0
0.0
0.0
0.0
0.0
0.0
0.0
0.0
0.0
0.0
0.0
0.0
0.0
0.0
0.0
0.0
0.0
0.0
0.0
0.0
0.0
0.0
0.0
0.0
0.0
0.0
0.0
0.0
0.0
0.0
0.0
0.0
0.0
0.0
0.0
0.0
0.0
0.0
0.0
0.0
0.0
0.0
0.0
0.0
0.0
0.0
0.0
0.0
0.0
0.0
0.0
0.0
0.0
0.0
0.0
0.0
0.0
0.0
0.0
0.0
0.0
0.0
0.0
0.0
0.0
0.0
0.0
0.0
0.0
0.0
0.0
0.0
0.0
0.0
0.0
0.0
0.0
0.0
0.0
0.0
0.0
0.0
0.0
0.0
0.0
0.0
0.0
0.0
0.0
0.0
0.0
0.0
0.0
0.0
0.0
0.0
0.0
0.0
0.0
0.0
0.0
0.0
0.0
0.0
0.0
0.0
0.0
0.0
0.0
0.0
0.0
0.0
0.0
0.0
0.0
0.0
0.0
0.0
0.0
0.0
0.0
0.0
0.0
0.0
0.0
0.0
0.0
0.0
0.0
0.0
0.0
0.0
0.0
0.0
0.0
0.0
0.0
0.0
0.0
