0.193563
0.184183
0.174833
0.166869
0.1601735
0.15446
0.149424
0.1449075
0.1407505
0.1368535
0.133147
0.1296
0.1262415
0.1230355
0.1199905
0.1170755
0.114272
0.1115705
0.1090065
0.106556
0.104197
0.1019415
0.0997915
0.097718
0.095705
0.0937875
0.0919415
0.0901505
0.0884235
0.0867645
0.0851635
0.0836115
0.0820995
0.080636
0.0792145
0.0778095
0.0764535
0.0751405
0.073865
0.0726225
0.0714045
0.0702165
0.0690775
0.0679735
0.0668905
0.0658305
0.0648
0.0637905
0.062804
0.061847
0.06093
0.0600435
0.059195
0.058369
0.057566
0.056815
0.0561025
0.055418
0.0547445
0.054083
0.0534235
0.052756
0.052088
0.0514215
0.050759
0.050101
0.0494455
0.04881
0.0482
0.047597
0.046996
0.0463945
0.0457945
0.0452
0.0446155
0.04405
0.043512
0.042994
0.042489
0.041986
0.041486
0.040997
0.040522
0.040062
0.0396135
0.0391875
0.0387795
0.038393
0.038024
0.037679
0.037345
0.037024
0.0367275
0.03646
0.0362055
0.03595
0.0357115
0.035475
0.0352385
0.0349975
0.034761
0.034526
0.0342905
0.034065
0.0338505
0.0336435
0.0334415
0.03325
0.0330625
0.032878
0.0327005
0.03253
0.032366
0.0322145
0.032086
0.031988
0.03191
0.031846
0.0317895
0.031724
0.03165
0.0315645
0.031468
0.0313645
0.031271
0.03118
0.0310945
0.031002
0.0309055
0.0308125
0.0307165
0.0306155
0.0305125
0.0304025
0.030288
0.0301795
0.03006
0.0299345
0.0297955
0.029663
0.029526
0.0293935
0.02926
0.029128
0.0290005
0.0288795
0.028763
0.028649
0.0285255
0.0283955
0.0282605
0.0281195
0.0279715
0.0278255
0.0276835
0.0275455
0.027415
0.0272925
0.027176
0.027076
0.026982
0.026896
0.026825
0.0267595
0.026703
0.026648
0.0266
0.0265505
0.0264905
0.0264205
0.0263395
0.0262655
0.0261935
0.0261165
0.026037
0.025964
0.025894
0.025824
0.0257605
0.0256995
0.02564
0.025587
0.025533
0.025486
0.025438
0.025395
0.025338
0.0252685
0.0251895
0.025103
0.02501
0.024916
0.0248185
0.024739
0.0246715
0.024607
0.02454
0.024479
0.024417
0.024345
0.0242705
0.024214
0.0241635
0.0241135
0.024063
0.0240175
0.023974
0.023923
0.0238655
0.023808
0.0237445
0.0236815
0.0236125
0.0235405
0.0234725
0.023405
0.023338
0.0232675
0.023205
0.023141
0.0230795
0.0230225
0.022967
0.022922
0.0228925
0.0228685
0.0228415
0.0228125
0.0227875
0.02276
0.022738
0.0227225
0.022713
0.022712
0.022717
0.022725
0.02273
0.0227285
0.022722
0.0227095
0.022698
0.02269
0.0226775
0.0226765
0.022674
0.022678
0.0226845
0.0226965
0.0227055
0.022717
0.022727
0.0227455
0.0227535
0.0227495
0.0227255
0.022685
0.022623
0.022552
0.0224715
0.02238
0.022279
0.022176
0.022074
0.0219655
0.021849
0.0217285
0.02161
0.021483
0.0213505
0.021217
0.021087
0.020955
0.0208295
0.020706
0.0205835
0.0204575
0.0203245
0.020195
0.0200625
0.0199285
0.0197905
0.0196425
0.019485
0.0193235
0.019162
0.019003
0.0188495
0.0186885
0.018526
0.0183585
0.018182
0.0180025
0.01782
0.017637
0.0174575
0.0172875
0.0171305
0.016975
0.0168245
0.016679
0.0165465
0.01642
0.0163035
0.016194
0.0160865
0.015981
0.0158765
0.015766
0.015656
0.0155545
0.0154545
0.0153545
0.0152555
0.0151695
0.015093
0.0150275
0.0149705
0.0149065
0.014841
0.0147745
0.0147065
0.014639
0.014568
0.014497
0.014425
0.014345
0.014262
0.0141825
0.0140955
0.014011
0.0139315
0.013851
0.0137645
0.013682
0.013603
0.0135295
0.013469
0.0134165
0.0133705
0.0133315
0.0132845
0.0132405
0.0131925
0.013146
0.013105
0.013071
0.0130425
0.0130265
0.0130255
0.013026
0.0130225
0.0130205
0.01302
0.0130225
0.0130215
0.0130185
0.013014
0.0130035
0.012991
0.0129765
0.0129595
0.012943
0.012921
0.012891
0.012859
0.012817
0.0127745
0.0127375
0.012694
0.012651
0.012608
0.012567
0.012526
0.0124905
0.012453
0.01241
0.012368
0.012327
0.012289
0.012248
0.0122035
0.012165
0.01213
0.0120905
0.0120505
0.012014
0.011974
0.0119325
0.0118865
0.0118405
0.0117825
0.011714
0.011639
0.011558
0.0114665
0.0113735
0.0112835
0.011196
0.0111115
0.0110265
0.0109475
0.010867
0.010789
0.010704
0.0106135
0.0105195
0.010423
0.010325
0.0102285
0.0101345
0.0100445
0.009956
0.009871
0.009786
0.009703
0.0096195
0.009535
0.009454
0.0093745
0.009297
0.009226
0.0091555
0.0090785
0.0090055
0.0089365
0.0088685
0.0087955
0.0087175
0.0086395
0.0085605
0.00849
0.008429
0.0083705
0.008314
0.0082665
0.0082295
0.0081975
0.0081705
0.0081455
0.0081165
0.008079
0.0080415
0.0080025
0.0079645
0.00793
0.0078975
0.0078725
0.007854
0.0078425
0.0078415
0.0078405
0.0078405
0.007842
0.007842
0.007833
0.0078095
0.007781
0.0077365
0.0076855
0.0076285
0.0075605
0.00749
0.007418
0.0073475
0.0072855
0.007223
0.007153
0.0070775
0.0070065
0.0069365
0.0068725
0.0068135
0.0067595
0.006697
0.006628
0.0065555
0.0064885
0.0064255
0.0063665
0.0063115
0.006259
0.0062035
0.0061555
0.0061115
0.0060735
0.0060315
0.0059965
0.005963
0.005933
0.005903
0.005874
0.005838
0.005799
0.0057555
0.00571
0.005673
0.0056435
0.005632
0.0056225
0.0056155
