0.193563
0.184183
0.174822
0.166719
0.1597045
0.153522
0.1478815
0.1426715
0.1377805
0.1331425
0.128709
0.1244665
0.120427
0.116588
0.1129325
0.109444
0.106085
0.102861
0.0997875
0.096848
0.094017
0.091303
0.0887015
0.0861885
0.083769
0.0814535
0.079238
0.0771055
0.0750605
0.0730955
0.071186
0.069332
0.067538
0.0657925
0.064099
0.062452
0.0608635
0.0593165
0.057815
0.056356
0.0549325
0.0535475
0.052193
0.0508765
0.0495905
0.0483365
0.0471165
0.045928
0.044773
0.043648
0.0425535
0.041487
0.040448
0.039432
0.038434
0.037463
0.0365195
0.0355995
0.0346995
0.03382
0.0329595
0.032108
0.0312695
0.0304485
0.029647
0.0288635
0.0281
0.0273565
0.026632
0.025931
0.025252
0.0245925
0.0239455
0.0233135
0.022696
0.0220945
0.0215185
0.020953
0.020399
0.0198595
0.01934
0.018844
0.0183705
0.0179145
0.01747
0.017042
0.0166255
0.016221
0.015832
0.0154575
0.0150995
0.0147555
0.0144245
0.01411
0.013805
0.013506
0.0132195
0.012941
0.0126725
0.0124085
0.0121525
0.011905
0.011664
0.0114325
0.0112075
0.010992
0.0107835
0.0105835
0.010387
0.0101945
0.010011
0.00983
0.009653
0.0094775
0.009303
0.009129
0.008958
0.00879
0.0086255
0.008465
0.0083065
0.008156
0.008007
0.00786
0.0077155
0.0075735
0.0074335
0.0072965
0.007161
0.007026
0.006893
0.0067625
0.006634
0.006506
0.0063795
0.0062545
0.00613
0.0060065
0.0058845
0.005766
0.0056495
0.005537
0.0054275
0.0053195
0.0052145
0.005113
0.005012
0.0049125
0.0048135
0.004717
0.004622
0.004529
0.0044365
0.0043465
0.0042605
0.00418
0.004101
0.004023
0.003947
0.003872
0.003798
0.003724
0.0036505
0.0035775
0.003505
0.003433
0.003361
0.003289
0.0032175
0.0031465
0.003076
0.003006
0.002936
0.0028665
0.0027975
0.002729
0.0026605
0.002592
0.0025235
0.002455
0.0023865
0.002318
0.0022495
0.002182
0.0021155
0.0020505
0.0019865
0.0019225
0.0018595
0.001797
0.001736
0.001676
0.0016165
0.0015575
0.0014985
0.0014405
0.0013835
0.0013275
0.0012725
0.0012195
0.0011675
0.00112
0.0010745
0.0010325
0.0009915
0.000951
0.000912
0.0008735
0.0008375
0.000803
0.000769
0.000738
0.000709
0.0006805
0.0006535
0.0006275
0.000602
0.0005775
0.000555
0.0005335
0.0005125
0.000492
0.000473
0.000454
0.0004355
0.000417
0.0003985
0.00038
0.0003615
0.000343
0.0003245
0.000306
0.0002875
0.000269
0.0002505
0.000232
0.000214
0.000196
0.0001785
0.000161
0.000146
0.0001325
0.000119
0.0001055
9.2e-5
7.9e-5
6.7e-5
5.6e-5
4.5e-5
3.5e-5
2.5e-5
1.65e-5
9.5e-6
4.5e-6
2.0e-6
5.0e-7
0.0
0.0
0.0
0.0
0.0
0.0
0.0
0.0
0.0
0.0
0.0
0.0
0.0
0.0
0.0
0.0
0.0
0.0
0.0
0.0
0.0
0.0
0.0
0.0
0.0
0.0
0.0
0.0
0.0
0.0
0.0
0.0
0.0
0.0
0.0
0.0
0.0
0.0
0.0
0.0
0.0
0.0
0.0
0.0
0.0
0.0
0.0
0.0
0.0
0.0
0.0
0.0
0.0
0.0
0.0
0.0
0.0
0.0
0.0
0.0
0.0
0.0
0.0
0.0
0.0
0.0
0.0
0.0
0.0
0.0
0.0
0.0
0.0
0.0
0.0
0.0
0.0
0.0
0.0
0.0
0.0
0.0
0.0
0.0
0.0
0.0
0.0
0.0
0.0
0.0
0.0
0.0
0.0
0.0
0.0
0.0
0.0
0.0
0.0
0.0
0.0
0.0
0.0
0.0
0.0
0.0
0.0
0.0
0.0
0.0
0.0
0.0
0.0
0.0
0.0
0.0
0.0
0.0
0.0
0.0
0.0
0.0
0.0
0.0
0.0
0.0
0.0
0.0
0.0
0.0
0.0
0.0
0.0
0.0
0.0
0.0
0.0
0.0
0.0
0.0
0.0
0.0
0.0
0.0
0.0
0.0
0.0
0.0
0.0
0.0
0.0
0.0
0.0
0.0
0.0
0.0
0.0
0.0
0.0
0.0
0.0
0.0
0.0
0.0
0.0
0.0
0.0
0.0
0.0
0.0
0.0
0.0
0.0
0.0
0.0
0.0
0.0
0.0
0.0
0.0
0.0
0.0
0.0
0.0
0.0
0.0
0.0
0.0
0.0
0.0
0.0
0.0
0.0
0.0
0.0
0.0
0.0
0.0
0.0
0.0
0.0
0.0
0.0
0.0
0.0
0.0
0.0
0.0
0.0
0.0
0.0
0.0
0.0
0.0
0.0
0.0
0.0
0.0
0.0
0.0
0.0
0.0
0.0
0.0
0.0
0.0
0.0
0.0
0.0
0.0
0.0
0.0
0.0
0.0
0.0
0.0
0.0
0.0
0.0
0.0
0.0
0.0
0.0
0.0
