0.251248
0.2305575
0.210081
0.191512
0.175228
0.1612265
0.1494165
0.1394275
0.1310255
0.1238555
0.1175775
0.111979
0.1068665
0.1021885
0.0979155
0.0939535
0.090306
0.0869125
0.0838315
0.081007
0.07851
0.076299
0.074336
0.0725645
0.0709445
0.069511
0.068242
0.0671735
0.066305
0.0656155
0.065123
0.06469
0.064274
0.0638435
0.063438
0.063085
0.0627765
0.0625235
0.062405
0.062334
0.0623295
0.062315
0.0623085
0.0623015
0.0623165
0.0623765
0.0624105
0.062443
0.0624695
0.062496
0.0625105
0.0625805
0.0626815
0.062768
0.0628105
0.0628465
0.062887
0.0628885
0.062908
0.062873
0.062819
0.062758
0.062714
0.0626825
0.062661
0.0626605
0.0626195
0.062612
0.0625865
0.062539
0.0624895
0.0623745
0.062206
0.0620575
0.0619635
0.0619185
0.061879
0.061887
0.061862
0.0618695
0.0619325
0.062022
0.062201
0.062355
0.0625615
0.062746
0.06287
0.062988
0.063022
0.0629885
0.0628725
0.0628065
0.062789
0.0628485
0.062922
0.063005
0.0630925
0.0631295
0.063107
0.0631095
0.063041
0.0629
0.062746
0.0625855
0.0624735
0.062422
0.0624495
0.062508
0.062583
0.0626945
0.0628065
0.062889
0.0629725
0.0630255
0.063084
0.0631465
0.0631805
0.063223
0.0633325
0.063525
0.063773
0.064079
0.064384
0.0646115
0.0648515
0.0650505
0.0651825
0.065256
0.0653095
0.065337
0.065344
0.065292
0.0652415
0.0651935
0.065083
0.06497
0.0648585
0.064724
0.06453
0.064325
0.064131
0.063935
0.063776
0.063628
0.063527
0.063455
0.063459
0.063441
0.063449
0.0635265
0.063578
0.0635035
0.06344
0.063416
0.0634735
0.0635355
0.063631
0.0636745
0.0637155
0.063785
0.063844
0.0638925
0.063896
0.063864
0.06379
0.063678
0.06355
0.063405
0.063323
0.06323
0.0632195
0.063216
0.0632245
0.0632625
0.063275
0.063393
0.0635315
0.06367
0.063807
0.06395
0.064087
0.0642205
0.06436
0.064506
0.0645815
0.0646565
0.0647465
0.064822
0.0649025
0.0649805
0.065011
0.065047
0.0651025
0.0651515
0.065142
0.0650995
0.065033
0.0649395
0.064874
0.0648815
0.0649365
0.0650005
0.065018
0.065
0.064924
0.0648285
0.064722
0.0646785
0.0646725
0.064705
0.0647425
0.064842
0.0649685
0.0651305
0.065252
0.065314
0.065249
0.065168
0.06504
0.064827
0.064554
0.064221
0.0638695
0.063607
0.063422
0.0632275
0.062979
0.062774
0.0626325
0.062508
0.0623775
0.0622835
0.0622035
0.062189
0.062147
0.062065
0.061991
0.0620445
0.0620495
0.062056
0.062029
0.062009
0.0619975
0.061988
0.0619815
0.062007
0.062023
0.0620195
0.0619815
0.061973
0.061993
0.0620775
0.0621345
0.062195
0.062256
0.0622995
0.062294
0.0622265
0.0621645
0.0621025
0.062056
0.0620265
0.0619465
0.061886
0.0618815
0.0618525
0.0618245
0.0618515
0.0619025
0.061923
0.0619725
0.0620235
0.0620705
0.0621265
0.0622015
0.062293
0.062385
0.0624395
0.0625385
0.0626045
0.062697
0.062833
0.063057
0.063276
0.0635225
0.063741
0.06392
0.0640715
0.064213
0.0643225
0.064414
0.0645075
0.0645715
0.064582
0.0645875
0.064614
0.06471
0.064809
0.0649395
0.0649905
0.0650045
0.064988
0.0648795
0.0648045
0.064702
0.064598
0.0645235
0.0645265
0.0645165
0.064522
0.0644935
0.0643855
0.0642705
0.0641645
0.06403
0.0639025
0.0637925
0.0637685
0.063808
0.0639135
0.063979
0.0639655
0.063911
0.0638575
0.063863
0.063936
0.0640555
0.0642565
0.064497
0.0647565
0.065003
0.065231
0.0654345
0.0655395
0.065598
0.0656445
0.065635
0.0655915
0.0655865
0.0656075
0.0656445
0.0656975
0.065716
0.0656845
0.065596
0.065501
0.065461
0.0654045
0.0653145
0.065216
0.065188
0.065124
0.065036
0.064927
0.0648845
0.064813
0.0646875
0.064504
0.064245
0.0639845
0.063738
0.063462
0.06318
0.0628815
0.062647
0.0624155
0.0621615
0.0619095
0.061718
0.0616095
0.0615525
0.061545
0.0615425
0.0615595
0.0615945
0.0616365
0.061604
0.061561
0.0615125
0.061473
0.061462
0.0613815
0.0612855
0.0613105
0.061408
0.061545
0.061691
0.0618665
0.0619635
0.06197
0.061989
0.061934
0.061898
0.061861
0.0618775
0.0619275
0.061947
0.061942
0.0619105
0.061906
0.0619465
0.06194
0.061883
0.061771
0.0616615
0.061643
0.061668
0.0617295
0.0617595
0.0618025
0.0618605
0.061954
0.062045
0.06217
0.0623405
0.062553
0.0628015
0.0630145
0.0631745
0.06331
0.0634205
0.06347
0.0634475
0.063447
0.0634605
0.063496
0.0635045
0.063523
0.0635705
0.063619
0.063607
0.0635405
0.0635395
0.063563
0.063588
0.0635775
0.0635755
0.0635565
0.063587
0.0636185
0.063674
0.063775
0.0639095
0.0640705
0.0642195
0.0643325
0.0643825
0.0643715
0.0643145
0.064298
0.0643255
0.0643695
0.0643715
0.0644395
0.064522
0.0646035
0.064642
0.064601
0.0644855
0.0643265
0.0641735
0.0640225
0.06387
0.0638075
0.0638265
0.0638905
0.0639625
0.064032
0.064076
0.0641175
0.0641085
0.0640345
0.063912
0.0637355
0.063489
0.0632385
0.0630525
0.06292
0.062828
0.062783
0.0627545
0.0627595
0.0627095
0.0626225
0.062545
0.062486
0.062417
0.062374
0.0623715
0.062377
0.0624415
0.062541
0.062707
0.062889
0.063025
0.063177
0.0632905
0.063361
0.063385
0.063366
