0.806437
0.797057
0.787705
0.779738
0.773054
0.767365
0.7623785
0.7579235
0.753852
0.750068
0.746504
0.7431085
0.739907
0.73687
0.7339825
0.7312245
0.7285575
0.7259885
0.723546
0.7212175
0.718998
0.716886
0.7148485
0.712866
0.710925
0.709082
0.707311
0.705589
0.703935
0.7023455
0.7008215
0.699363
0.697955
0.6965635
0.6952035
0.6938765
0.6926225
0.691414
0.6902545
0.689108
0.68798
0.6868615
0.6857985
0.6847755
0.6837815
0.6828265
0.681918
0.681022
0.6801195
0.679226
0.678353
0.677528
0.6767225
0.6759275
0.6751545
0.674431
0.6737425
0.673094
0.6724645
0.6718505
0.6712525
0.670669
0.670085
0.669511
0.6689195
0.6683205
0.667733
0.6671405
0.6665405
0.665932
0.6653355
0.6647745
0.6642425
0.663743
0.6632805
0.662855
0.6624435
0.662032
0.661617
0.6612
0.660776
0.6603685
0.659964
0.659563
0.6591785
0.6588145
0.6584725
0.658137
0.657829
0.657543
0.657258
0.6570105
0.6567775
0.6565655
0.6563615
0.656148
0.6559545
0.6557725
0.6555975
0.6554265
0.6552765
0.6551495
0.6550215
0.6548885
0.6547775
0.654667
0.654572
0.6544675
0.654353
0.6542495
0.654162
0.6541025
0.6540515
0.654018
0.6540155
0.6540455
0.6541055
0.654208
0.6543475
0.65446
0.654556
0.654644
0.6547115
0.654769
0.6548405
0.6548945
0.6549585
0.655017
0.6550695
0.6551385
0.6552095
0.6552635
0.655302
0.6553235
0.65533
0.6553105
0.65525
0.655164
0.6550755
0.6550195
0.6549705
0.6549505
0.654891
0.6548215
0.654732
0.654657
0.654606
0.654569
0.6544965
0.654409
0.6543265
0.6542935
0.65428
0.654281
0.654277
0.6542645
0.6542545
0.6542625
0.654294
0.6543455
0.654396
0.654461
0.6545495
0.654646
0.654771
0.6548845
0.6549975
0.6550705
0.65513
0.6551915
0.6552585
0.655329
0.6553825
0.6554325
0.6554935
0.6555385
0.655581
0.6556405
0.65571
0.6557945
0.6558805
0.655968
0.656034
0.6560925
0.6561205
0.6561385
0.656141
0.6561215
0.656074
0.656003
0.6559295
0.655867
0.6557875
0.6557245
0.655639
0.6555375
0.655437
0.6553225
0.655204
0.6550825
0.654954
0.654841
0.654765
0.6546955
0.6546125
0.654546
0.654501
0.6544705
0.6544245
0.6543915
0.6543445
0.654265
0.6541835
0.6540615
0.653947
0.653839
0.6537495
0.6536815
0.653642
0.653639
0.6536065
0.6535645
0.6535365
0.6535165
0.6534915
0.6534705
0.6534185
0.6533515
0.6533055
0.6532665
0.653233
0.6531945
0.653154
0.6531125
0.653057
0.653002
0.652931
0.652837
0.652726
0.652616
0.65252
0.6523985
0.652269
0.652165
0.652081
0.6520145
0.6519725
0.6519475
0.65191
0.6518935
0.651895
0.651911
0.65192
0.651927
0.651918
0.6519305
0.651945
0.6519285
0.651888
0.651825
0.651734
0.6516175
0.6514875
0.6513595
0.651223
0.6510835
0.6509555
0.65083
0.650738
0.6506605
0.6505955
0.6505275
0.6504875
0.650456
0.650435
0.6504085
0.650367
0.6503115
0.650249
0.650186
0.650131
0.650071
0.65001
0.649953
0.6499
0.6498515
0.6498095
0.649762
0.6496975
0.6495985
0.649481
0.649354
0.6492085
0.6490705
0.648932
0.648793
0.6486615
0.648548
0.648457
0.6483845
0.648316
0.6482455
0.6481775
0.648145
0.648121
0.6480895
0.648079
0.648084
0.6481035
0.6481275
0.648141
0.648167
0.6481755
0.64819
0.6481915
0.64817
0.6481485
0.6481075
0.648081
0.648076
0.64809
0.6480965
0.648112
0.6481095
0.6481065
0.6480915
0.648081
0.648053
0.6480055
0.647962
0.647902
0.647842
0.6477895
0.6477415
0.6476955
0.647666
0.6476305
0.6476155
0.647623
0.647655
0.647684
0.6477205
0.647773
0.647874
0.6479765
0.6480885
0.648201
0.6482995
0.648389
0.6484655
0.6485465
0.6486755
0.648812
0.6489265
0.649041
0.649152
0.6492615
0.64935
0.649429
0.649503
0.649571
0.6496155
0.649647
0.6496545
0.6496665
0.649656
0.6496435
0.649653
0.649646
0.649649
0.649641
0.649641
0.6496815
0.649735
0.6497785
0.649799
0.649819
0.6498425
0.6498495
0.649839
0.649827
0.6498225
0.6498445
0.649852
0.64985
0.6498465
0.6498205
0.649766
0.649709
0.649666
0.6496225
0.649573
0.649514
0.6494695
0.6494255
0.64938
0.6493195
0.6492555
0.649222
0.6492015
0.649196
0.649167
0.6491095
0.6490365
0.648939
0.648835
0.648721
0.648618
0.648503
0.6483745
0.64826
0.6481475
0.6480415
0.647928
0.647793
0.6476615
0.647511
0.647342
0.6471695
0.6470165
0.6468695
0.6467325
0.6465895
0.646438
0.6463095
0.6462085
0.6461045
0.645997
0.6458735
0.6457505
0.6456335
0.6455385
0.6454465
0.6453785
0.6453575
0.6453215
0.6452835
0.6452445
0.6452285
0.645208
0.645162
0.6450815
0.645009
0.6449465
0.6449025
0.6448865
0.64489
0.6448965
0.6448925
0.6448705
0.6448025
0.644724
0.6446555
0.644596
0.6445345
0.644454
0.6443645
0.6442185
0.644069
0.643902
0.6437425
0.643594
0.643448
0.643293
0.643118
0.6429295
0.6427565
0.642621
0.64252
0.6424335
0.6423605
0.642299
0.642219
0.642129
0.6420155
0.6418845
0.6417525
0.641605
0.641458
0.641314
0.641175
0.641026
0.6408835
0.6407495
0.6406005
0.6403935
0.6401895
0.639998
0.639836
0.6397125
0.639617
0.6395165
0.639405
0.639249
0.639077
0.638921
0.638793
0.6387055
0.638646
0.6385995
