0.251248
0.2305575
0.2099885
0.1909535
0.173676
0.158116
0.144221
0.131772
0.1206735
0.1107205
0.101742
0.0935845
0.0861465
0.0793585
0.073145
0.0674425
0.0621915
0.057354
0.0528695
0.048734
0.044931
0.0414495
0.038263
0.0353275
0.032619
0.030148
0.0278795
0.0257915
0.0238625
0.022074
0.0204465
0.018944
0.01756
0.016278
0.0150945
0.0139995
0.012983
0.012041
0.011173
0.010371
0.009633
0.0089575
0.0083435
0.007778
0.007252
0.006759
0.0063025
0.0058885
0.0055005
0.0051325
0.004786
0.0044535
0.0041405
0.0038475
0.0035755
0.0033225
0.0030885
0.0028725
0.0026715
0.002482
0.002304
0.002131
0.0019695
0.001818
0.0016775
0.001548
0.0014305
0.0013275
0.0012365
0.001155
0.0010785
0.0010055
0.0009345
0.000869
0.00081
0.000758
0.000711
0.000665
0.000621
0.0005775
0.000536
0.000498
0.0004655
0.0004365
0.000409
0.0003825
0.0003575
0.0003345
0.000314
0.000294
0.0002755
0.0002595
0.000244
0.00023
0.0002175
0.000205
0.000193
0.000181
0.000169
0.000158
0.0001475
0.0001375
0.0001295
0.000122
0.0001145
0.000107
9.95e-5
9.2e-5
8.45e-5
7.75e-5
7.1e-5
6.65e-5
6.2e-5
5.85e-5
5.5e-5
5.2e-5
4.9e-5
4.6e-5
4.4e-5
4.2e-5
4.1e-5
4.0e-5
3.9e-5
3.8e-5
3.7e-5
3.6e-5
3.5e-5
3.4e-5
3.3e-5
3.2e-5
3.1e-5
3.0e-5
2.9e-5
2.8e-5
2.7e-5
2.6e-5
2.5e-5
2.4e-5
2.3e-5
2.25e-5
2.2e-5
2.15e-5
2.1e-5
2.05e-5
2.0e-5
1.95e-5
1.9e-5
1.85e-5
1.8e-5
1.75e-5
1.7e-5
1.65e-5
1.6e-5
1.55e-5
1.5e-5
1.45e-5
1.4e-5
1.35e-5
1.3e-5
1.25e-5
1.2e-5
1.15e-5
1.1e-5
1.05e-5
1.0e-5
9.5e-6
9.0e-6
8.5e-6
8.0e-6
7.5e-6
7.0e-6
6.5e-6
6.0e-6
5.5e-6
5.0e-6
4.5e-6
4.0e-6
3.5e-6
3.0e-6
2.5e-6
2.0e-6
1.5e-6
1.0e-6
5.0e-7
0.0
0.0
0.0
0.0
0.0
0.0
0.0
0.0
0.0
0.0
0.0
0.0
0.0
0.0
0.0
0.0
0.0
0.0
0.0
0.0
0.0
0.0
0.0
0.0
0.0
0.0
0.0
0.0
0.0
0.0
0.0
0.0
0.0
0.0
0.0
0.0
0.0
0.0
0.0
0.0
0.0
0.0
0.0
0.0
0.0
0.0
0.0
0.0
0.0
0.0
0.0
0.0
0.0
0.0
0.0
0.0
0.0
0.0
0.0
0.0
0.0
0.0
0.0
0.0
0.0
0.0
0.0
0.0
0.0
0.0
0.0
0.0
0.0
0.0
0.0
0.0
0.0
0.0
0.0
0.0
0.0
0.0
0.0
0.0
0.0
0.0
0.0
0.0
0.0
0.0
0.0
0.0
0.0
0.0
0.0
0.0
0.0
0.0
0.0
0.0
0.0
0.0
0.0
0.0
0.0
0.0
0.0
0.0
0.0
0.0
0.0
0.0
0.0
0.0
0.0
0.0
0.0
0.0
0.0
0.0
0.0
0.0
0.0
0.0
0.0
0.0
0.0
0.0
0.0
0.0
0.0
0.0
0.0
0.0
0.0
0.0
0.0
0.0
0.0
0.0
0.0
0.0
0.0
0.0
0.0
0.0
0.0
0.0
0.0
0.0
0.0
0.0
0.0
0.0
0.0
0.0
0.0
0.0
0.0
0.0
0.0
0.0
0.0
0.0
0.0
0.0
0.0
0.0
0.0
0.0
0.0
0.0
0.0
0.0
0.0
0.0
0.0
0.0
0.0
0.0
0.0
0.0
0.0
0.0
0.0
0.0
0.0
0.0
0.0
0.0
0.0
0.0
0.0
0.0
0.0
0.0
0.0
0.0
0.0
0.0
0.0
0.0
0.0
0.0
0.0
0.0
0.0
0.0
0.0
0.0
0.0
0.0
0.0
0.0
0.0
0.0
0.0
0.0
0.0
0.0
0.0
0.0
0.0
0.0
0.0
0.0
0.0
0.0
0.0
0.0
0.0
0.0
0.0
0.0
0.0
0.0
0.0
0.0
0.0
0.0
0.0
0.0
0.0
0.0
0.0
0.0
0.0
0.0
0.0
0.0
0.0
0.0
0.0
0.0
0.0
0.0
0.0
0.0
0.0
0.0
0.0
0.0
0.0
0.0
0.0
0.0
0.0
0.0
0.0
0.0
0.0
0.0
0.0
0.0
0.0
0.0
0.0
0.0
0.0
0.0
0.0
0.0
0.0
0.0
0.0
0.0
0.0
0.0
0.0
0.0
0.0
0.0
0.0
0.0
0.0
0.0
0.0
0.0
0.0
0.0
0.0
0.0
0.0
0.0
0.0
0.0
0.0
0.0
0.0
0.0
0.0
0.0
0.0
0.0
0.0
0.0
