0.193563
0.184183
0.1748355
0.166883
0.160226
0.15458
0.14966
0.1452985
0.1413355
0.1376615
0.1342075
0.130915
0.12781
0.1248505
0.1220405
0.1193575
0.116768
0.1142745
0.111913
0.109667
0.1075195
0.1054755
0.103516
0.1016075
0.099739
0.0979655
0.0962705
0.0946185
0.093031
0.0915115
0.0900615
0.0886725
0.0873355
0.0860055
0.0847045
0.083434
0.0822285
0.081069
0.079953
0.0788445
0.077738
0.0766355
0.075595
0.0745995
0.0736445
0.072725
0.07185
0.070991
0.0701185
0.069244
0.0683895
0.0675795
0.0667965
0.066032
0.0652935
0.0646275
0.064004
0.0634175
0.0628565
0.0623145
0.061779
0.061246
0.0607075
0.0601685
0.0596115
0.059055
0.058514
0.057972
0.0574265
0.056872
0.056331
0.0558255
0.055352
0.0549125
0.054499
0.054125
0.053766
0.0534075
0.05304
0.052665
0.0522805
0.0519105
0.0515415
0.051173
0.050817
0.0504805
0.0501575
0.0498385
0.0495445
0.049275
0.049001
0.0487645
0.048546
0.048363
0.0481905
0.04801
0.0478585
0.047718
0.047579
0.0474355
0.047315
0.0472135
0.0471055
0.0469955
0.0469145
0.0468325
0.046765
0.0466795
0.0465785
0.0464745
0.0463805
0.0463185
0.0462555
0.046207
0.046198
0.046226
0.0462895
0.046406
0.0465645
0.046694
0.046814
0.0469255
0.047012
0.0470805
0.047156
0.047205
0.0472585
0.0473065
0.047354
0.047421
0.047488
0.047544
0.0475895
0.0476245
0.047649
0.0476585
0.0476265
0.047569
0.0475005
0.0474615
0.047422
0.047413
0.04736
0.0472955
0.047213
0.0471475
0.0471095
0.047098
0.047054
0.046999
0.0469515
0.046943
0.0469405
0.046951
0.046961
0.046961
0.0469615
0.0469815
0.0470195
0.0470815
0.047139
0.0472095
0.0473065
0.047408
0.047533
0.04764
0.0477505
0.0478225
0.0478815
0.0479395
0.047989
0.048041
0.0480765
0.0481035
0.048129
0.048135
0.048141
0.0481735
0.048221
0.048288
0.048351
0.048408
0.0484415
0.0484725
0.048481
0.048476
0.0484495
0.0483945
0.048312
0.0481985
0.048087
0.0479895
0.0478785
0.0477845
0.047663
0.047536
0.0474035
0.0472565
0.047114
0.0469705
0.0468385
0.0467375
0.046674
0.0466195
0.046552
0.0465
0.0464705
0.0464525
0.046414
0.0463805
0.046331
0.0462455
0.046157
0.046035
0.045915
0.0458055
0.045715
0.0456475
0.0456155
0.0456225
0.0456035
0.045575
0.0455585
0.045541
0.045523
0.045514
0.045479
0.0454315
0.0454015
0.0453725
0.045351
0.045328
0.045297
0.0452655
0.0452205
0.0451735
0.0451125
0.045034
0.04494
0.044854
0.044803
0.044737
0.0446625
0.044607
0.0445745
0.0445635
0.044575
0.044597
0.0445885
0.0445935
0.04461
0.0446445
0.0446635
0.044673
0.0446695
0.0446905
0.044715
0.044706
0.044676
0.0446285
0.0445545
0.044457
0.0443565
0.044263
0.0441615
0.0440655
0.043981
0.0438975
0.04384
0.043794
0.0437575
0.043709
0.043687
0.043667
0.0436655
0.0436575
0.043627
0.043587
0.0435435
0.043506
0.043479
0.0434545
0.0434265
0.0433945
0.043361
0.043336
0.043322
0.0433005
0.0432605
0.0431825
0.043088
0.0429805
0.042846
0.042711
0.042582
0.042462
0.042352
0.0422605
0.042188
0.0421355
0.042087
0.04203
0.041982
0.0419705
0.041967
0.04195
0.041947
0.041949
0.0419695
0.041987
0.0420005
0.042024
0.0420315
0.0420465
0.042046
0.0420265
0.0420075
0.0419645
0.041932
0.0419225
0.0419375
0.0419435
0.041957
0.041959
0.0419725
0.0419675
0.0419745
0.041965
0.0419355
0.041908
0.0418555
0.0417975
0.041735
0.0416655
0.0415935
0.041536
0.041481
0.041452
0.041443
0.0414615
0.041466
0.0414835
0.0415195
0.0416015
0.0416955
0.0417925
0.0418925
0.041983
0.0420585
0.04212
0.042192
0.0423105
0.0424335
0.0425345
0.042631
0.042727
0.0428215
0.0428955
0.0429635
0.04303
0.04309
0.043127
0.043156
0.043157
0.043151
0.043117
0.043088
0.043084
0.0430595
0.0430525
0.0430395
0.0430315
0.04306
0.043103
0.0431365
0.043132
0.043123
0.043116
0.0431
0.043079
0.0430605
0.043049
0.043072
0.0430915
0.0431015
0.0431185
0.0431145
0.043083
0.043046
0.0430235
0.0430015
0.04297
0.0429345
0.042914
0.0428945
0.042871
0.042825
0.042767
0.042735
0.0427135
0.042696
0.0426495
0.042577
0.0424935
0.0423835
0.0422685
0.042146
0.042036
0.0419115
0.041774
0.0416545
0.041552
0.0414625
0.041364
0.041241
0.0411185
0.0409835
0.040835
0.040687
0.0405595
0.04044
0.0403335
0.0402185
0.0400935
0.039987
0.039903
0.0398085
0.0396985
0.039578
0.0394585
0.0393495
0.039268
0.039197
0.039155
0.039173
0.0391785
0.039184
0.0391845
0.0392035
0.03921
0.0391795
0.039108
0.039035
0.0389615
0.0389035
0.0388695
0.038852
0.0388285
0.038791
0.038736
0.0386385
0.038533
0.038438
0.038339
0.038233
0.0381075
0.037982
0.037804
0.037623
0.037431
0.037254
0.0370855
0.036921
0.0367465
0.036546
0.0363295
0.0361285
0.0359635
0.0358395
0.035738
0.0356575
0.035601
0.0355245
0.0354365
0.035329
0.035205
0.0350755
0.0349355
0.034802
0.034671
0.0345465
0.034412
0.034284
0.034165
0.034026
0.033818
0.033608
0.0334075
0.033245
0.033118
0.0330175
0.032907
0.03279
0.0326245
0.0324465
0.0322895
0.0321625
0.0320855
0.032034
0.0319885
