0.251248
0.2305575
0.2100695
0.1914455
0.175015
0.1607015
0.1484075
0.1377635
0.12855
0.120465
0.113238
0.106681
0.1006775
0.095149
0.0900575
0.0853425
0.080927
0.076789
0.072946
0.069375
0.0661
0.0630915
0.0603295
0.057747
0.055352
0.053152
0.0511445
0.049308
0.0476245
0.046075
0.0446505
0.043279
0.041975
0.0407355
0.0395865
0.0385055
0.037467
0.0364885
0.0355865
0.034717
0.033898
0.0330965
0.0323215
0.0315915
0.030899
0.0302415
0.029583
0.028945
0.0283095
0.027667
0.0270165
0.0263895
0.0257855
0.0251995
0.0245985
0.0240005
0.0234045
0.022827
0.022259
0.021685
0.0211265
0.0205395
0.0199825
0.019469
0.0189845
0.018521
0.0180665
0.0176485
0.0172375
0.016829
0.0164005
0.015984
0.0155475
0.0150865
0.0146205
0.014158
0.013721
0.0132925
0.0128845
0.0125055
0.0121465
0.011812
0.011482
0.011156
0.01083
0.01051
0.010214
0.0099605
0.0097175
0.009475
0.0092505
0.0090535
0.008863
0.0086755
0.0084795
0.008296
0.008128
0.0079785
0.0078335
0.007688
0.0075385
0.007394
0.007253
0.007109
0.006984
0.0068675
0.0067545
0.006645
0.0065545
0.0064625
0.006378
0.006292
0.006204
0.006119
0.0060195
0.005916
0.0058145
0.005715
0.0056105
0.0055305
0.0054615
0.005407
0.0053645
0.0053315
0.0052975
0.005263
0.005224
0.0051835
0.005142
0.0050905
0.005021
0.0049345
0.0048335
0.0047325
0.0046175
0.0044975
0.0043755
0.004245
0.0041135
0.0039785
0.003828
0.0036835
0.0035465
0.0034265
0.0033185
0.0032245
0.0031385
0.0030665
0.003011
0.002965
0.0029215
0.002879
0.0028385
0.0028065
0.002783
0.0027705
0.0027635
0.0027685
0.002778
0.0027825
0.0027835
0.00278
0.002771
0.002758
0.0027365
0.0027045
0.0026625
0.0026125
0.0025555
0.002491
0.0024295
0.0023655
0.0022985
0.002229
0.0021465
0.002068
0.0019875
0.001924
0.0018715
0.001831
0.001793
0.0017515
0.0017075
0.001664
0.0016135
0.001565
0.001518
0.0014685
0.0014195
0.00137
0.001321
0.0012725
0.0012205
0.0011705
0.001118
0.0010635
0.001009
0.0009475
0.0008825
0.0008175
0.0007565
0.0006985
0.0006465
0.000595
0.0005445
0.000501
0.0004625
0.000424
0.000392
0.0003635
0.0003325
0.0003035
0.00028
0.000258
0.000234
0.0002085
0.000185
0.000167
0.000156
0.000149
0.000141
0.0001315
0.0001195
0.000106
9.1e-5
7.45e-5
6.1e-5
5.05e-5
4.2e-5
3.55e-5
3.1e-5
2.6e-5
1.95e-5
1.45e-5
1.05e-5
9.0e-6
8.0e-6
6.5e-6
5.5e-6
4.5e-6
3.0e-6
1.5e-6
5.0e-7
0.0
0.0
0.0
0.0
0.0
0.0
0.0
0.0
0.0
0.0
0.0
0.0
0.0
0.0
0.0
0.0
0.0
0.0
0.0
1.0e-6
4.5e-6
8.0e-6
1.15e-5
1.55e-5
1.9e-5
2.1e-5
2.25e-5
2.4e-5
2.55e-5
2.6e-5
2.55e-5
2.5e-5
2.45e-5
2.2e-5
1.95e-5
1.8e-5
1.65e-5
1.45e-5
1.25e-5
9.0e-6
6.5e-6
3.5e-6
1.5e-6
0.0
0.0
0.0
0.0
5.0e-7
2.0e-6
4.0e-6
8.5e-6
1.3e-5
1.65e-5
1.85e-5
2.1e-5
2.3e-5
2.65e-5
3.15e-5
3.65e-5
4.0e-5
4.25e-5
4.4e-5
4.35e-5
4.1e-5
3.8e-5
3.4e-5
2.85e-5
2.6e-5
2.3e-5
1.85e-5
1.4e-5
1.1e-5
8.5e-6
6.5e-6
5.0e-6
3.5e-6
2.5e-6
1.5e-6
5.0e-7
0.0
0.0
0.0
0.0
0.0
0.0
0.0
0.0
0.0
0.0
0.0
0.0
0.0
0.0
0.0
0.0
0.0
0.0
0.0
0.0
0.0
0.0
0.0
0.0
0.0
0.0
0.0
0.0
0.0
0.0
0.0
0.0
0.0
0.0
0.0
0.0
0.0
0.0
0.0
0.0
0.0
0.0
0.0
0.0
0.0
0.0
0.0
0.0
0.0
0.0
0.0
0.0
0.0
0.0
0.0
0.0
0.0
0.0
0.0
0.0
0.0
0.0
0.0
0.0
0.0
0.0
0.0
0.0
0.0
0.0
0.0
0.0
0.0
0.0
0.0
0.0
0.0
0.0
0.0
0.0
0.0
0.0
0.0
0.0
0.0
0.0
0.0
0.0
0.0
0.0
0.0
0.0
0.0
0.0
0.0
0.0
0.0
0.0
0.0
0.0
0.0
0.0
0.0
0.0
0.0
0.0
0.0
0.0
0.0
0.0
0.0
0.0
0.0
0.0
0.0
0.0
0.0
0.0
0.0
0.0
0.0
0.0
0.0
0.0
0.0
0.0
0.0
0.0
0.0
0.0
0.0
0.0
0.0
0.0
0.0
0.0
0.0
0.0
0.0
0.0
0.0
0.0
0.0
0.0
0.0
0.0
0.0
0.0
0.0
0.0
0.0
0.0
0.0
0.0
0.0
0.0
0.0
0.0
0.0
0.0
0.0
0.0
0.0
0.0
0.0
0.0
0.0
0.0
0.0
0.0
0.0
0.0
0.0
0.0
0.0
0.0
0.0
0.0
