0.806437
0.797057
0.7876905
0.778462
0.769442
0.760614
0.752022
0.7436255
0.735428
0.7274075
0.7195535
0.7118415
0.704252
0.6967765
0.6894225
0.682173
0.675032
0.667977
0.6610135
0.65414
0.6473675
0.6407045
0.634127
0.6276255
0.621186
0.6148345
0.608564
0.602354
0.5962145
0.59014
0.5841325
0.578194
0.572323
0.5665065
0.5607485
0.555044
0.549407
0.543821
0.5383
0.5328315
0.5274205
0.522067
0.516763
0.51151
0.5063155
0.5011705
0.4960835
0.4910485
0.4860615
0.481116
0.4762135
0.471378
0.466597
0.461852
0.457148
0.452486
0.4478665
0.443299
0.438777
0.434305
0.4298765
0.425494
0.4211555
0.4168575
0.4125975
0.408381
0.404201
0.4000555
0.395942
0.3918595
0.387811
0.383809
0.3798435
0.375925
0.3720475
0.3682125
0.3644155
0.360657
0.356932
0.353247
0.349604
0.346
0.342431
0.338899
0.335403
0.3319435
0.3285285
0.3251475
0.3218055
0.318499
0.3152215
0.311981
0.3087675
0.3055785
0.302413
0.299282
0.296181
0.293112
0.2900685
0.2870565
0.2840695
0.281116
0.278193
0.2752995
0.272437
0.2695965
0.2667915
0.2640185
0.2612855
0.2585895
0.255922
0.2532905
0.2506825
0.248101
0.2455525
0.2430345
0.240543
0.238078
0.235633
0.2332055
0.2307975
0.228411
0.2260435
0.223695
0.22137
0.219068
0.2167845
0.214521
0.2122765
0.2100555
0.2078565
0.205679
0.203523
0.201382
0.199259
0.197159
0.1950755
0.193013
0.1909685
0.1889445
0.1869335
0.184939
0.1829575
0.180994
0.179045
0.177113
0.1751995
0.1733065
0.171428
0.1695655
0.167719
0.1658895
0.1640815
0.162291
0.160524
0.158772
0.15703
0.1553065
0.1536045
0.151927
0.1502715
0.148641
0.1470295
0.145439
0.1438695
0.1423195
0.140786
0.1392625
0.1377505
0.136256
0.134781
0.133322
0.1318735
0.130434
0.1290075
0.12759
0.126182
0.1247865
0.123402
0.122029
0.1206675
0.119319
0.1179815
0.116657
0.1153415
0.1140395
0.112754
0.1114825
0.1102225
0.1089765
0.1077465
0.1065305
0.1053305
0.1041415
0.1029605
0.101789
0.100628
0.0994785
0.098346
0.0972225
0.096107
0.0950065
0.0939155
0.092838
0.0917665
0.0907095
0.0896655
0.0886325
0.0876085
0.0865915
0.0855835
0.0845905
0.0836115
0.0826395
0.081677
0.080726
0.079787
0.078856
0.0779375
0.0770365
0.076144
0.0752655
0.074397
0.073535
0.072678
0.0718275
0.070984
0.070149
0.069326
0.0685155
0.067717
0.066931
0.0661505
0.0653785
0.0646105
0.063849
0.0630925
0.0623425
0.0615965
0.0608585
0.060133
0.059413
0.058705
0.058008
0.0573195
0.0566355
0.0559595
0.0552925
0.0546375
0.0539895
0.05335
0.0527185
0.052094
0.051476
0.0508645
0.0502595
0.0496605
0.0490685
0.048483
0.047904
0.0473295
0.046761
0.0462005
0.0456505
0.0451085
0.0445745
0.0440545
0.0435435
0.0430385
0.0425395
0.042047
0.041557
0.0410755
0.0406005
0.040135
0.0396735
0.0392155
0.038762
0.038313
0.0378715
0.037438
0.0370135
0.0365965
0.036183
0.035774
0.035367
0.034963
0.0345605
0.0341595
0.033764
0.0333715
0.032983
0.032602
0.0322265
0.0318555
0.031486
0.03112
0.0307585
0.030403
0.0300495
0.029699
0.0293505
0.029004
0.0286595
0.028321
0.0279845
0.027653
0.0273225
0.026992
0.026664
0.026338
0.0260175
0.0257005
0.0253855
0.025074
0.024765
0.0244575
0.0241535
0.0238525
0.0235515
0.023253
0.0229565
0.022664
0.0223745
0.0220875
0.021803
0.021521
0.02124
0.020964
0.020691
0.020422
0.0201575
0.0198955
0.019638
0.0193825
0.0191295
0.018879
0.01863
0.0183835
0.0181405
0.017899
0.01766
0.017424
0.017189
0.0169555
0.016722
0.0164895
0.01626
0.016033
0.0158085
0.015586
0.015365
0.015147
0.014931
0.0147185
0.014509
0.0143005
0.0140935
0.0138885
0.0136855
0.013486
0.0132885
0.013094
0.012903
0.0127185
0.012539
0.012364
0.012195
0.0120275
0.0118635
0.0117035
0.011545
0.0113875
0.011233
0.01108
0.0109285
0.010779
0.0106325
0.0104875
0.0103455
0.0102055
0.010068
0.0099345
0.009802
0.0096725
0.009544
0.0094175
0.0092925
0.009169
0.0090465
0.008926
0.0088085
0.008692
0.0085795
0.0084695
0.00836
0.008251
0.0081425
0.008034
0.0079275
0.007825
0.0077235
0.0076245
0.007527
0.0074305
0.007337
0.0072435
0.007151
0.00706
0.00697
0.00688
0.00679
0.0067005
0.0066125
0.006527
0.0064425
0.0063595
0.0062795
0.0062005
0.0061235
0.0060465
0.0059705
0.005896
0.0058255
0.0057565
0.005689
0.005623
0.0055575
0.005493
0.00543
0.0053695
0.005309
0.005249
0.005189
0.005129
0.0050695
0.00501
0.004952
0.004894
0.0048375
0.0047815
0.004727
0.0046735
0.004621
0.004569
0.004517
0.004466
0.0044165
0.004367
0.0043185
0.0042705
0.0042235
0.0041765
0.00413
0.004084
0.004039
0.003994
0.003949
0.0039045
0.0038605
0.0038165
0.0037735
0.003732
0.0036925
0.003653
0.003614
0.0035755
0.003537
0.003499
0.003461
0.003423
0.003385
0.0033485
0.003312
0.003276
0.0032415
0.003208
0.003177
0.0031465
0.003116
0.0030855
0.003055
0.003025
0.002995
0.002965
0.002935
0.002905
0.0028765
0.0028485
0.002821
0.0027935
0.002766
0.0027395
0.002713
0.0026865
0.00266
0.0026335
0.002607
0.0025805
0.002554
