0.0134684375
0.010363590294514873
0.0060953914465952256
0.004216390277554637
0.0031590280620996908
0.002507867913933631
0.002130038625003916
0.0019116241861868537
0.0017733684267209695
0.0016770175842055093
0.0016139219336877616
0.0015810484796916098
0.00155681345518028
0.0015221391725602125
0.0014798149350618065
0.0014415986715100265
0.0014118448181735983
0.0013885583762247148
0.0013757097539084475
0.0013734316844828227
0.0013693591832176573
0.0013458791616754995
0.0013137022927850847
0.001304065226706603
0.0013036706792680993
0.0012836222613769525
0.0012538530036866743
0.0012227478331280023
0.0012014530664311706
0.0012023199785255493
0.0012007996129056715
0.0011864874980690773
0.001169975183739859
0.0011491304418921608
0.0011292883004787445
0.0011125536034786291
0.0010974921196354112
0.0010969915966712962
0.0010986795213656533
0.0010846460221544025
0.001066952265872525
0.0010563966064105568
0.0010575886904316382
0.0010549732498706433
0.0010410588326407598
0.0010328622214586026
0.0010313146603187005
0.0010250105168343273
0.001017840234291693
0.0010190000395401079
0.0010216628919962902
0.001021996755498605
0.001014758017358878
0.0010018555856118221
0.0009996858274518461
0.0010019841915591325
0.0009918786844030144
0.0009783894354893426
0.0009730243565198813
0.0009691213730468677
0.0009691836554231881
0.0009847417394367552
0.0010059049643973254
0.0010116125113559787
0.0010028127351450688
0.0009925820039461727
0.0009901898438302303
0.0009883130535205994
0.0009751720199354304
0.0009620056829842003
0.0009572985310552621
0.0009526237984331008
0.0009430598199333372
0.0009347504383512016
0.0009376086111170873
0.0009465768408788598
0.0009500768891457194
0.0009508747386326945
0.0009540691262434501
0.0009577366497326156
0.000955107685859252
0.0009473949383613605
0.0009418390437960475
0.000941458219003882
0.0009473258949134054
0.0009533039339943792
0.0009570158213000282
0.0009621314227763814
0.0009707188343057032
0.0009812272710411573
0.0009832511086438794
0.0009667493356152071
0.0009502394813912131
0.0009520397459041876
0.0009560035691178806
0.0009504338456135417
0.0009380854491509611
0.0009297265322584569
0.0009279221634117403
0.0009294399772935161
0.0009327136704971251
0.0009348155163473948
0.0009424463993203972
0.000946237045320323
0.0009363613533793156
0.0009252680530200496
0.0009172165202483878
0.0009128446553058941
0.0009188567017293256
0.0009303129045890651
0.0009382868516477033
0.0009331344879541693
0.0009171868782073216
0.0009097568569244349
0.0009123040532267382
0.0009078278829259027
0.0008974725169111612
0.0008984594655228506
0.0009082464472163015
0.0009114076136060729
0.0009052737321994753
0.0008926847702669333
0.0008868969207140924
0.0009053342797552229
0.0009269877874750388
0.0009260421152253539
0.0009133241050003951
0.0009035391016234996
0.0008986542048177619
0.0008971189968639481
0.0008983196955742417
0.0009019848194923711
0.0009053441516536849
0.0009080279399055583
0.0009079536797403762
0.0009010749729911715
0.0008960999115908974
0.000896489620204901
0.0008920167078564108
0.0008832412315480277
0.0008692328758554651
0.0008515296789190238
0.000844761239805663
0.0008503587158234961
0.0008551503224864148
0.0008550552410566349
0.0008634900660356742
0.0008828154799154674
0.0008962746602288293
0.000897532616498122
0.0008953314829885745
0.0008892496720772622
0.0008769925871963331
0.0008665281333818111
0.0008590520488294867
0.0008594071703369417
0.0008648614374051628
0.0008607102658404618
0.0008518725805736333
0.0008547278854252412
0.0008712195514345162
0.0008913311373525856
0.0008995984077471853
0.0008943660213616299
0.0008912740255524375
0.0008887078838748428
0.0008822600293398782
0.0008804675764845222
0.0008848260656082125
0.0008936850667626872
0.0008901994522000243
0.0008598227351254986
0.000828196541148681
0.0008177523344696464
0.0008230086545614214
0.000832506126762285
0.0008406507838442652
0.000847715826132006
0.0008512299031839529
0.0008512409883979858
0.0008523714123089872
0.0008524695857196175
0.0008512496386805984
0.0008480108306565073
0.0008458864521150427
0.0008529235381489891
0.0008619830428466003
0.0008661390056749369
0.0008657528133910441
0.0008634498811184159
0.0008624639966195961
0.0008593011868340343
0.0008518196295256441
0.0008505049588456773
0.0008581477060936753
0.0008700799418166394
0.0008810533430529613
0.0008839603975332857
0.0008834894350379406
0.00088137623282042
0.0008758214231542383
0.0008767546990525587
0.0008843191457844022
0.0008949497461708641
0.0009117367016614468
0.0009229123527572453
0.0009189237196114103
0.0009130948155637641
0.0009152174398776731
0.0009177527193523447
0.0009125299490794529
0.0009056923500916857
0.0009016542569434662
0.0008916805431839553
0.000876568485314498
0.0008695635899358201
0.0008716725914886617
0.0008770402192221195
0.0008721273621472012
0.0008580684055291712
0.0008507789952994317
0.0008474707681297414
0.0008446995315306847
0.0008483902333986043
0.0008604650001418909
0.000874178475949786
0.0008800059720846282
0.0008766106267928226
0.0008759431551998298
0.0008789900457715819
0.000873554665536206
0.0008662247711430916
0.0008639888855796007
0.0008548690002442388
0.000841474595762613
0.0008334934275041479
0.0008339118909192271
0.0008463267548682895
0.0008637091758315845
0.0008722487661613737
0.0008686850762528679
0.000866298757396271
0.0008705970572656822
0.0008743355499468073
0.0008762940157846728
0.0008831496372989382
0.0008997600767034985
0.0009156432265012577
0.0009166429936665775
0.0009073334041425027
0.0009023048757622132
0.0009032714271804494
0.0009046769711655518
0.0009049506232569204
0.000899805557673639
0.0008843659937582455
0.0008733577497742901
0.0008756880264606137
0.0008830105550736766
0.0008785760750143551
0.0008590228866272873
0.0008521474406000307
0.0008647396514463089
0.0008751000907131295
0.0008811157762157204
0.0008898691141821316
0.0008979140040073282
0.000901684666316187
0.000900151795069562
0.0008889739028416306
0.0008719490196881465
0.0008635104008027603
0.0008622399001423687
0.0008595080411909511
0.0008533835696960125
0.0008416032103120915
0.0008300562911311377
0.0008331207823035854
0.0008473332160341331
0.0008571329226218249
0.0008558587481534171
0.0008469600021076497
0.0008414583253967785
0.0008349512257364702
0.0008262535683234769
0.0008237608613280865
0.0008321788135583454
0.0008423490737052083
0.0008428557340884875
0.0008436396071556397
0.0008526759240228936
0.0008637699568010778
0.0008697994873055897
0.0008726728943594701
0.0008752591427464295
0.0008667074872284895
0.0008524042589272531
0.0008567981270595368
0.0008731983257042682
0.0008799969323995309
0.000869626065915229
0.000857181336611762
0.0008464998275854578
0.0008358822843967124
0.0008435744448818923
0.000861638635921438
0.0008679092375723611
0.000871199700979857
0.0008819175027169922
0.000893745707220729
0.0009035491926248874
0.000909155949689526
0.0009182625968449509
0.0009313413485738931
0.0009340609323275305
0.000925396371720284
0.000908050476766435
0.000889720270067223
0.0008814740157748774
0.0008761232102107954
0.0008692624003217225
0.0008654366498962343
0.0008660072112122018
0.0008730965312870954
0.0008748332173512315
0.0008669173472560988
0.0008641886000038091
0.0008651511129144493
0.0008571985908196898
0.0008547105210611719
0.0008625802262626901
0.000867532520328978
0.0008747869884202053
0.00088663586583961
0.0008954179680161977
0.0008976033899179583
0.000897471572549351
0.0008942428874915454
0.0008875038612352062
0.0008866181589689354
0.0008937833103081252
0.000896539648858727
0.0008875080676876707
0.0008741591701584031
0.0008619684858006176
0.0008521039728417116
0.0008497584747607164
0.0008531992184565604
0.0008518872458256335
0.0008555623196541267
0.0008662594924485927
0.0008695574443093642
0.00086428617813918
0.0008599492678981495
0.0008631412632186947
0.000874998274275222
0.000889106834985587
0.0008946661269791979
0.0008942697465408278
0.0008956383753825124
0.000893638437568024
0.0008892398962831651
0.0008943811148784907
0.0009058721996931117
0.0009086864074788054
0.0009121794571164547
0.0009188919277955748
0.0009137988473152331
0.000906568343467718
0.0009094086245181357
0.0009156969441944136
0.0009160696547362736
0.0009074467053201841
0.0008958153243390952
0.0008910386281293038
0.0008967732848507367
0.0009071884112937974
0.0009169198878621294
0.0009208749458662137
0.0009148685569708566
0.0009073898215206573
0.0009034692921873521
0.000903834414787555
0.0009142999610231211
0.0009200002081015303
0.0009139534387166995
0.0009186966691176733
0.0009298285228995061
0.0009303489534670064
0.000930682212433532
0.0009353572651157804
0.0009399914690226649
0.0009417253319639581
0.0009277846858880295
0.0009003765618707725
0.0008819192237371771
0.0008777150433463833
0.0008748151308736006
0.0008765107657807826
0.000887527289648457
0.0009052156217211969
0.0009220685304294811
0.0009234781547112544
0.0009190387134977059
0.0009131000720838608
0.000904557444173688
0.000906493347776247
0.0009120664367621883
0.0009076852139703404
0.0009047003656757859
0.0009037396989093699
0.0008903668982821421
0.0008782345274401591
0.0008756175064218238
0.000875521741464491
0.0008778155262824544
0.0008746550160673388
0.0008648800821475822
0.0008662620523209479
0.0008798651347681041
0.0008848968414416253
0.0008845394863178363
0.0008871589531755057
0.0008827564673965997
0.0008756992331101838
0.0008733618159987231
0.0008810977420820086
0.0008964306451830801
0.0008978460403821758
0.0008895484664417863
0.0008836126559014497
0.0008709632908077357
0.000857759200903919
0.0008639089272752407
0.0008793552783550155
0.0008837349764625499
0.0008786149293302411
0.0008664703455412091
0.0008547556934874513
0.0008509267174452714
0.0008525341214265552
0.0008623328097508877
0.0008751518923750664
0.0008777794357045916
0.0008763207288779563
0.0008763266034357433
0.0008705484798950917
0.0008652097408006519
0.0008680757455332626
0.0008729942490971948
0.0008680171707307609
0.0008539013146941716
0.0008427475929638429
0.0008360445866305624
0.0008186010242853583
0.0007992069078299496
0.0007945402800103648
0.0007953897500590878
0.0007887328681705806
0.0007783420382699073
0.0007775995836972354
0.0007876159681994406
0.0008020566465677427
0.0008188695516594275
0.0008285387595113739
0.0008265205193235103
0.0008200014910077978
0.0008243540185575534
0.000838378733519563
0.0008465671399554451
0.0008522601727580933
0.000859608584073806
0.0008604821003074674
0.0008621150865652267
0.0008707886165586524
0.0008749349662063403
0.0008738400392807543
0.0008779080824261942
0.0008877644481442967
0.000891079939197333
0.0008847353035227104
0.000879160108077504
0.000880542691114204
0.0008843233790250776
0.0008879655949119467
0.000880027781767133
0.0008599641706343988
0.0008454954180255388
0.0008377311897891459
0.0008393536222048146
0.0008479047978849248
0.0008546441326256286
0.000862445104510946
0.0008670182292929212
0.0008606259620860594
0.0008534351286404169
0.0008634208698262144
0.0008774390370559647
0.0008765199948914552
0.0008763933023177351
