0.031974232367924016
0.03165630121303535
0.030463444966323326
0.02897904216007975
0.027534880542811165
0.026198887135307058
0.024997784675188647
0.023950966273800046
0.023051652531508232
0.022279353913108636
0.021620111524281893
0.02104318287751605
0.02049806831372973
0.01999446152798202
0.01953652179646193
0.01914027574794049
0.01880790416604276
0.018527093135482134
0.018242878820153813
0.01795373884873924
0.017688879881248874
0.017461333425757793
0.0172957202008825
0.01714324521756522
0.016989171325975883
0.016849426884259614
0.016748504541354042
0.01665578297561574
0.016565457294172456
0.016500880718788496
0.0164627016982117
0.01643743900515691
0.01639881905146023
0.016366526515028186
0.0163433522916925
0.01632994273954891
0.016338117074941722
0.01633124825160654
0.016301054337877246
0.016275923598245076
0.016265579139977893
0.01623986987682163
0.01619310523562916
0.016165537219769273
0.016162110610876055
0.016163395279830187
0.01616395337893897
0.016197758121548243
0.016236531680914955
0.01623342299079164
0.0161971363721221
0.016156645761679068
0.016145804451942553
0.01617496719095122
0.01621473926397112
0.0162386109979832
0.016255436384384113
0.01627262813050422
0.01630828476874118
0.01634291832252484
0.016368552379526644
0.016418050768091635
0.01646131554539953
0.016473498776264008
0.016468285533291667
0.016484503773917983
0.016469511619165638
0.016412398898966066
0.01637007642372822
0.01634140720853879
0.016304809005504458
0.016242116112341335
0.01616909443988654
0.016148199673695934
0.016147363095681013
0.016116849356654625
0.01611802591138949
0.01615008258253748
0.016204474402752987
0.016234567201515452
0.016223117809526077
0.01621530693704632
0.016229636506206555
0.01627500429749765
0.016341920708675278
0.016406686873177305
0.01646093422078413
0.016538329673755847
0.016613761953325652
0.016644515260420715
0.016654324958636002
0.016656146067300825
0.016646543042093894
0.01665602432249453
0.016676287529907907
0.016680219053205943
0.016654724100128894
0.016605448182807857
0.016567152655917454
0.016537857575358562
0.016506267630759706
0.016482780082974713
0.016443984538388162
0.01639148087787649
0.01634799445036067
0.016275208070639296
0.016184294343563766
0.016124420243426564
0.016100775271310246
0.016093290127273535
0.01610999371401632
0.016097667565957468
0.016039409582404365
0.0159889764310341
0.015949025312740374
0.015925297009880327
0.01595489693449325
0.01600734861926078
0.016034411581929687
0.016087159262826577
0.016168096993542255
0.016212204273782668
0.01624419250645232
0.01627112182757054
0.016283555815167237
0.016307935860989855
0.016360569152848302
0.01643837842421981
0.016522761581464752
0.016573505374329466
0.016594250291425604
0.016621684635823347
0.016601996614199553
0.016550881953002135
0.016496816427133423
0.016433880695049013
0.016381671897454684
0.016363597417706686
0.01637356583184447
0.016397531606476216
0.01645848686896775
0.016526275621688
0.01656977754447357
0.016613032408420277
0.016622122245848303
0.016566117777385297
0.016518947364415462
0.01651080462961663
0.0165168218987205
0.01655727702422032
0.016609643827558446
0.016646801395616938
0.016644045605813337
0.016613209338401116
0.016564080068467317
0.016507092002573682
0.016455514479597595
0.01641250864322026
0.01640180763612375
0.016439547973452356
0.01650672903902727
0.016549708776027953
0.016574121177120805
0.016576199153703095
0.01651534038176004
0.016434305920238798
0.01639316467381077
0.01637601251319476
0.016354079421462667
0.016359510144064473
0.016408140240840755
0.016461036749710375
0.01651771212075007
0.01656101976732057
0.01658124424512378
0.016590878939609983
0.01659528276633316
0.01660196991544275
0.016603324822730973
0.016608854299624727
0.016620977162577242
0.016645511111976048
0.016671501716855986
0.016660934345254938
0.016590671624665897
0.016513955878977648
0.016465076710428038
0.016425341087017528
0.01639377909572561
0.016377414249323582
0.016392046729953553
0.0163963729426024
0.01639613578518288
0.016432973356728164
0.016483152079451488
0.01649604934323908
0.01647282121682527
0.01646567671209839
0.016472043575874094
0.01648461925892414
0.016495912472810903
0.016513367402899923
0.016541386856145125
0.01655227015470004
0.016546214961020274
0.016541481178163862
0.016525467902551407
0.016508953972544513
0.01650705617150349
0.016514598978918677
0.016521628579709097
0.016531691035475873
0.01658096877173439
0.01665919032684639
0.016741286211145075
0.01680816953722303
0.016843747816910115
0.01685138076360253
0.016838482028174784
0.01682887397953366
0.01682556923626927
0.016854101762767457
0.016891748831756107
0.016897761293172928
0.01687224248183592
0.016819822154751952
0.01678066823038226
0.016748143556942364
0.016696594917120475
0.016635055151844252
0.01657908179344776
0.016530153818988837
0.016502090118566556
0.01651228168473235
0.016507151307914594
0.016474740917295932
0.01646745710078271
0.016464632944020265
0.0164666851695552
0.01648638895093146
0.016435260033012343
0.016343237358013577
0.01628175292620952
0.016248843053464482
0.01624756169290778
0.016234348426042662
0.01622146317863086
0.016197906192367183
0.01614773767970043
0.01611996241721716
0.01612718753618773
0.01615499740885484
0.016161909236934526
0.016129670980146088
0.01614347830253116
0.016197613545425135
0.016223538566584896
0.01624358492226097
0.016274845419243785
0.016292335417701895
0.016300649601066985
0.016322381778202635
0.016335554406917203
0.016306305949664042
0.0162768851130935
0.01628756992911436
0.01632176392246497
0.016363733071138774
0.01638599116687615
0.016385838289241117
0.016405354723030757
0.016439391794264326
0.016472884596720548
0.016525310925237267
0.016563139487083475
0.01658395209118198
0.01661842206091051
0.01664524529523653
0.016665014504301384
0.016701743188932885
0.016752340515963072
0.016815716488814386
0.01689346551736069
0.016978935633498986
0.017064969041705427
0.017135767349169675
0.017171929347122784
0.017165435747824215
0.017121932177174937
0.017083050028092787
0.017075090905531404
0.017074769061822356
0.017056447341960178
0.017020998388070897
0.017031223646482758
0.017048946271001824
0.0170256356252358
0.0169624045490501
0.016914659671899566
0.016960721230098924
0.017032054535402356
0.01705897418238206
0.01702009023339395
0.016941922115986267
0.01688291189405968
0.016853549010387717
0.016856629587225943
0.016880033390877965
0.01692145593926143
0.01695060820594595
0.016946964044991603
0.016925055689514135
0.0168903568200266
0.016825445761274125
0.01674130466017405
0.016674009964850835
0.016626578608381053
0.01655063013688149
0.016503534462288593
0.016476322769794032
0.01644088379084481
0.01639935939268578
0.016348412275023306
0.016308731689736785
0.016285975310322824
0.016299141658145246
0.016315867907383215
0.016342690302369713
0.016365448848823398
0.016373300589865674
0.016410591346161636
0.01644050527815354
0.0164465395418523
0.01644669413397101
0.016472940718029357
0.01654574611889043
0.01665484863338579
0.016765339352745018
0.016840915005070373
0.01691635746202783
0.01696170381805439
0.01696009159223376
0.016936398169880733
0.016918983649715818
0.01690859945141726
0.016871407072535004
0.0168307408810949
0.016844797300036633
0.016853101123438807
0.016815173795190243
0.01676289963002621
0.016726827600984796
0.016689120628424568
0.0166621662044185
0.016677150279006694
0.016689618663667038
0.016687220845557894
0.01669237479138053
0.016711939570216185
0.01670916116814939
0.01664872174987262
0.016565755549068358
0.016468177394530024
0.016395479880674
0.016367024354141634
0.016356634816382394
0.0163474263044514
0.01632098570275821
0.016319105824632772
0.01635565964604443
0.01637327679496276
0.01638198498852909
0.01640106915072678
0.016397750080584157
0.016375831550680304
0.016367758815566322
0.016357632532261634
0.0163522056525124
0.01632753207990495
0.01627026434873091
0.01622583391614968
0.01620721877664947
0.016192186300944378
0.016149234012036662
0.016112806675465115
0.016097130041238902
0.016097883684167664
0.016099884894780522
0.01612012080026194
0.016168987808693337
0.016187066247605315
0.016206404106127045
0.016253318565033776
0.016301800653407954
0.016353403856653178
0.01638147848204439
0.016370872739450277
0.01637150915235184
0.01640664477236052
0.016448567457011565
0.016436487413637273
0.016376566847048923
0.016317814190580045
0.016298770155138056
0.016313307126422812
0.016305898438335523
0.016299623936724055
0.016319877566964205
0.016350800358374364
0.01637078277740934
0.01640069612348418
0.016444126779814345
0.016475188491846458
0.016495493041293083
0.016516385325610068
0.01651957306264637
0.016527310406333134
0.016567051032188806
0.01662005262707841
0.016645976144314376
0.016649484551235157
0.01665932331451397
0.01665716374614262
0.016638806105728526
0.016607781425177385
0.016537213345481618
0.016432793815504967
0.016348510257471964
0.016358333903824244
0.016406135522801433
0.01644267463148194
0.01647673747457005
0.01651527848791924
0.016571272807375602
0.016606274788170325
0.016610725669290515
0.016622641579961548
0.01663183759141484
0.01662199191210804
0.016579450268504874
0.01652715358686813
0.016504395695044288
0.016503054015776664
0.01649242168570089
0.016499406260026675
0.016501817038095164
0.016469635457268626
0.016454544784916533
0.016462865081404744
0.016454225659635
0.016405019805085515
0.016377450517367883
0.01638255042820308
0.016421242475285314
0.016457928549872377
0.01645531159664705
0.016427385706464858
0.0163779044196134
0.016317605784071425
0.01626096361916325
0.01622898291908351
0.016235104626579448
0.016260399363949567
0.01628673703299409
0.016336767555363438
0.016403658592174443
0.016474278788887062
0.016519869075936965
0.016542713861309042
0.0165704290501021
0.01660343773787232
0.01661552463913232
0.016627007575561594
0.01662878361483507
0.016636735215631766
0.016651341547439205
0.016620280086678502
0.016556268934108703
0.016478175173649245
0.016436807188970875
0.016450425526244206
0.016480034566660213
0.016510900449748848
0.01651690778816927
0.01652111366325945
0.016532440723197456
0.016545781309126255
0.016562238370207566
0.01657906382013204
0.016638760118815998
0.016707195982644252
0.016733987868836737
0.016745173320585477
0.016750771434672063
0.016723615063119136
0.016695675106104865
0.016716490825603614
0.01680168755444987
0.01687707512421928
0.016886633886913433
