0.02996
0.022989894277394604
0.01345565754542334
0.009559757391711854
0.007804665740700098
0.0068783823308317
0.0063262369591406365
0.005992812051289332
0.005773253312679256
0.005577730228372615
0.005385184911932538
0.005223191055151185
0.005102256994667556
0.005003828854102198
0.0049038801462018946
0.004819807982346652
0.0047548144135621286
0.004687195181448622
0.004633141225120193
0.004584106813686042
0.004522002777880307
0.004462485313376741
0.004418698753177736
0.004402439521871404
0.004395602394600281
0.004363240274350956
0.004327576851583377
0.004328218772986532
0.00435230206774917
0.004359812209114159
0.004335204117213355
0.0042981860892205605
0.004275073260362282
0.00427637376090619
0.004289136453658435
0.004297498899804672
0.00431224752512204
0.004335258247258658
0.004344267809120332
0.004328877818160205
0.00430394767165646
0.00428945309252742
0.004288359070912469
0.004291507751304327
0.004292024384242861
0.004299065707472073
0.004299139730250613
0.004276331968874208
0.004272720655557472
0.004288248268984769
0.004301277692181209
0.00431431119892008
0.004318721322497184
0.00431319593686578
0.004311879611406797
0.004320021978566683
0.004329133458336348
0.004340829884111562
0.004350994606869255
0.004350413768786828
0.004346871595027011
0.004364706162163844
0.004407846633400286
0.004444831237488188
0.004441658473453161
0.004394229389771136
0.004351963225630028
0.0043418697732167675
0.004347931827454624
0.0043537272205781885
0.004347571407815374
0.004341664935567046
0.0043468595279247966
0.004356011295140891
0.004346092859785309
0.0043150086550742435
0.004315583130052574
0.004337913051734606
0.004333161212449415
0.004314174971211114
0.004305600877517799
0.004319546407967342
0.004333775932198718
0.004325153676937184
0.004328670283207244
0.004362455737456348
0.004395321582677028
0.004406157678154561
0.004429546062778664
0.004441428330113673
0.00440819034826516
0.00437447737605439
0.0043442534109595105
0.0043073564711512136
0.004286006646617379
0.004286585641233994
0.004292151463724989
0.00427420970993004
0.004250878847687453
0.004244216564755837
0.004233633263361432
0.004225747116575969
0.004222650977630641
0.004205551680513199
0.0042084550534272295
0.004244316380401451
0.004246452244446966
0.004232107132002213
0.004234703074918064
0.004226936144372272
0.004202953328950293
0.0041707059308833125
0.004146394755382889
0.004157197558934017
0.004203040911823353
0.004235590802808643
0.004242493217289808
0.0042571571419753925
0.00427370804071078
0.004277651675225361
0.004276411036444972
0.004275784095376945
0.004267654850526973
0.004257057267344941
0.004257091525634188
0.004258218839321731
0.0042418719391444735
0.004233539468815281
0.004265680565403935
0.0043260981364269604
0.004366311300354002
0.004367755499735163
0.004366290460168513
0.004355453251332607
0.004323007759625613
0.00430218861659539
0.004306161894581856
0.004321270141204273
0.004339673517381643
0.004350094635453131
0.004338352631196529
0.0043234888737813835
0.004330929803290905
0.0043356644058721696
0.004322609162915563
0.004312916396380331
0.004284907475428417
0.004250824211837882
0.0042544714453054
0.004279509662341092
0.004312722766320348
0.004337684565274774
0.004339631306504253
0.004326615754427444
0.004310281204605644
0.004289596878757944
0.004268176016586523
0.004249317845341579
0.004229133498234724
0.004233344415044619
0.004252569494839533
0.004257097672440677
0.00426108483938311
0.004259665335151551
0.0042463568629986
0.004251625259060785
0.004280108583136844
0.004306262870215352
0.004326633435675412
0.004327671107485017
0.004317572822577069
0.00431550781204386
0.004322453759711704
0.004350990845623749
0.004367638083281497
0.004362114993016745
0.0043405700298440415
0.004315954175296679
0.004322171679444368
0.004341730797319964
0.0043509851312731225
0.004366721866287489
0.004382421056486739
0.00438068184010474
0.00436573673070846
0.004334246292739102
0.00429396282306449
0.00426096905895014
0.0042441819046334294
0.004233012203063407
0.004227915762159397
0.004241372301012633
0.004244591576404322
0.004233676285841434
0.004228361699554832
0.004219156281491069
0.004213975008544908
0.004233972943540599
0.004265247505732597
0.004294673971543883
0.004318729378116065
0.004308502409597482
0.004265309958083296
0.004244099558535594
0.004262287700035349
0.004286326594141519
0.004297440041190324
0.004296976641155324
0.004298875603761582
0.004293398177340201
0.004277492250050003
0.0042817101985235225
0.004292796893199735
0.004292872788131395
0.004285075835403892
0.004284958278155097
0.004311242420597467
0.0043318308670258765
0.004322895767015903
0.004320121089233311
0.004335178802280385
0.004350486225763675
0.00437179987311641
0.004394065227854586
0.004396730010307138
0.004387288121240492
0.0043824360737703336
0.004373818151987738
0.004361721114893843
0.004349348188223046
0.004329042456359837
0.0043092191178860815
0.004308210359763069
0.004325235213048683
0.004346012214105304
0.004378363715620986
0.004415273210230305
0.004427211581835469
0.004418883488498144
0.004413050031304585
0.0043919288599327325
0.004354989057535498
0.0043344746128175845
0.00433596765932718
0.004349895929631431
0.004350319342511843
0.0043416645807760074
0.004342247073200642
0.00434358431248469
0.004333746121769392
0.004315539862360083
0.0042980181599380374
0.004270014675244009
0.004253957888215724
0.004264260528754558
0.004261284696440886
0.004241760069166651
0.0042302935518470875
0.0042382088960431245
0.004269619496017848
0.004299518420388675
0.004317560722766762
0.00432955123951331
0.0043221115120711555
0.004290284871562487
0.004258948801175287
0.004247685172844101
0.004241689879230229
0.004259769831447325
0.004307301951901758
0.004331616331755972
0.004327776860987622
0.004336249381699732
0.004356809692051709
0.004364929863730116
0.004369571602976286
0.004368639503750352
0.00435471668156793
0.004358873321845351
0.004379486319799244
0.004392111548964207
0.0043907622713505595
0.004390435677466765
0.004407343307715464
0.00442133537681535
0.004417485407474309
0.004407021811857383
0.00440299828403254
0.004397827660069553
0.004388160226347505
0.004394295312244176
0.004406419300747239
0.004398774663446549
0.00436850630093742
0.00433451609726274
0.004329056058724707
0.004339735077434414
0.004334394708768148
0.004327459357023317
0.004333730635800228
0.004340906414940496
0.0043311168160934214
0.004298541536004019
0.004272556222082523
0.00428409887451856
0.004306440949293328
0.004305274337441519
0.0042895726034085325
0.004279616871892593
0.00427645241196532
0.004268751570909451
0.004253708227874891
0.0042610628084502325
0.004292730692410765
0.004314113291365175
0.004322888415342166
0.004315701324196478
0.004313396432466797
0.00433995892129922
0.004369106606597628
0.0043710609759379385
0.004343383263922078
0.00430492179603575
0.004270400829818411
0.004246876734786348
0.004253931765450708
0.0043017073974859705
0.004345822478406213
0.004325054291928974
0.004277030910932149
0.004267337282012154
0.004263940336013504
0.00424527181305494
0.004256708074337241
0.004293865410992556
0.004326833623521678
0.004348217941210527
0.004341563687931591
0.004334689516295009
0.004357349607436121
0.004381059572784862
0.00439126873067005
0.004393601697018801
0.004390536108266627
0.004367230527052337
0.004321821655136876
0.004298289962686315
0.004298335131798513
0.004287697984567596
0.004281270986722446
0.004297356102618767
0.00432393656848213
0.004325091459919144
0.004302766304349627
0.0043047758216331385
0.004332309665903545
0.0043585280451530015
0.004370839424451213
0.004362148187992451
0.004348793565008649
0.004329184501221432
0.0043048237631114076
0.004286668546970917
0.004274417754478176
0.004277549795456036
0.004284315358055777
0.004293021220830098
0.004300372249195676
0.004293565457149033
0.004276016246626163
0.0042558909883196865
0.004252158776414102
0.00426699748626753
0.0042993091225595505
0.004338096380482508
0.004343060064954134
0.00431151753731818
0.004265295082915833
0.0042355774248602485
0.004244527909420369
0.004249050487278803
0.004229924067300344
0.00421146767637104
0.004203431717935085
0.004204858235725792
0.004212724954665761
0.004233306254366617
0.004262352411885332
0.004280187100776884
0.004285002466469167
0.00428668155994876
0.004285732982301818
0.004286274990503524
0.004289715799212232
0.004285356944024643
0.004275532930976424
0.004284406269408619
0.004321905816815974
0.00434790094855662
0.004329513273599163
0.004293917059179536
0.004277086967474101
0.0042727896463880515
0.0042657970507032844
0.00426230277819797
0.004269795522136175
0.004286000579415085
0.004311550451067551
0.004329680673279954
0.00432053032832063
0.004299039061445653
0.004274640966578274
0.004246538535454845
0.004252117611106009
0.004280105792455911
0.004297062179705741
0.004316630047601648
0.004312511063854701
0.0042851684951366814
0.0042941906643476175
0.004324222760214558
0.004336047262230525
0.004343314382456474
0.004348846753275011
0.0043409462888973314
0.004321063117578253
0.004306200935798135
0.0042961531600877985
0.004290266691950525
0.004296674501061296
0.004312378640509122
0.004332952773132076
0.004348987379012912
0.004349876068429903
0.004331617005681191
0.0043027388283689546
0.0042782520239809585
0.004275257490016158
0.004293735314201702
0.004306274862779512
0.0043146760601996455
0.004315766448317457
0.004296370121958217
0.004293737421386355
0.004320352099505135
0.0043471849963150925
0.004367987377720979
0.004368271160935217
0.004354631579062055
0.004353454137536712
0.004347183845703997
0.00433136736582629
0.004328894960708214
0.0043250039890267685
0.004311278220220304
0.004298929400387965
0.004294832237305003
0.004304722896567198
0.004308629754900899
0.004295737407073486
0.004282479978223256
0.004278359681725562
0.004270107163082032
0.00425255622261264
0.004255910452964945
0.004280495936961738
0.004304900244096773
0.0043201330585011955
0.004319558945422546
0.0042994916773110075
0.004285271182254674
0.004308185959971348
0.0043228255017784606
0.0042977120841790235
0.0042562525547296835
0.004240580802626787
0.004280338114011074
0.004318578763039633
0.004316066497877275
0.004314793061058808
0.004345942534835161
0.004375702737095851
0.004366934963072704
0.004351680919891125
0.004348969280693039
0.004340890084113409
0.00432622523671899
0.004309189384084355
0.004304479288869481
0.004324740311280655
0.004362393199843489
0.004398308003634741
0.004398783048884038
0.004384029481568044
0.004390110334981309
0.0043875259971879145
0.0043711009470487295
0.004363356563613184
0.004371165949553781
0.004403408930037981
