0.014098838382109588
0.013886834783520175
0.012911274479789564
0.011761234247603536
0.010863812740617238
0.010297436102549701
0.00995764634358451
0.009734770320351843
0.009601699834424755
0.00951304815988976
0.009430801752426372
0.009320270123114302
0.009191948863433155
0.00906904010398635
0.0089492435712748
0.008835079189306823
0.008743659721244563
0.008652984793638508
0.00855806101076622
0.00849386272889855
0.008450943217259954
0.008395055197144135
0.008321422235719326
0.008239808587011345
0.008153289617410858
0.00806727156240558
0.007989010435415025
0.007910928367697224
0.007827812624716235
0.007765631892760468
0.007717587722931001
0.00766160353863565
0.007604945165702378
0.007547870416231708
0.0074924543962874525
0.007434964178045084
0.007366137289876327
0.007302376881508657
0.007240055514996559
0.00718432314476419
0.007151340540604408
0.007115360088119029
0.007065556420952906
0.007027721860139216
0.007000427201151128
0.006976682039258477
0.006957288221841172
0.006930415572025617
0.006894842203279097
0.006857098046305568
0.0068247489944004555
0.006803500129567468
0.006787921926465499
0.0067697499645936405
0.006746373937225524
0.006726976263897146
0.006715058664304528
0.006706052020476355
0.006692080625551843
0.0066675112793850915
0.006636585487736578
0.006618824950301733
0.006621767115075653
0.006616645181118177
0.006602281454730654
0.006578224076127337
0.00654303258712692
0.006517918589368581
0.006491617153287399
0.006452311992162686
0.006405450390534943
0.00638935911925401
0.006405407654265857
0.0064121997039474354
0.006399519498593698
0.0063727437875776595
0.006341466739433612
0.006315153407134648
0.006285614211201913
0.00625471930616457
0.00622287028124061
0.006180783280766717
0.0061457755079591374
0.006117942035445735
0.0060954133110022474
0.00608781044738999
0.006077427564853617
0.0060522082094798075
0.006036347905009358
0.006028283412083302
0.006015032177788071
0.005992182362442436
0.005963110288923286
0.005937352047943616
0.005927400441771968
0.005919633252852924
0.005902487014746339
0.00588365493434583
0.005865283230447159
0.005839756278220702
0.005819357158582705
0.005810063830775356
0.005814934777155665
0.005809701297149874
0.0057730637022494515
0.005728913074114105
0.005703302564544466
0.005688446230813019
0.0056833294555451545
0.0056847753049140675
0.005699715183732004
0.005722902683642133
0.005733903396336917
0.005742882235843986
0.005748933427836425
0.005754468121343316
0.005765968702888804
0.005767411576077577
0.005765512233625079
0.005775229281082533
0.0057787409023381635
0.005768930464980889
0.005765965820456
0.005762892120288739
0.005760461470359595
0.005756960288151409
0.0057364987997526075
0.0057162068350199696
0.00570707290770701
0.005718311389417187
0.005744779767988855
0.005770053266044122
0.0057856233425958815
0.005799635716190986
0.005806246913368703
0.005812359051209508
0.0058233281595775725
0.005810259250463244
0.005787558604359584
0.005777101994747253
0.005759648512023902
0.005738218309059142
0.005719670309085559
0.0057115728511937525
0.005709519248759019
0.005712232230701615
0.005727428968646582
0.005744529213120106
0.005761820780384417
0.005767953693800118
0.005757765766631443
0.005740444701142044
0.005721381116216107
0.005709090533169608
0.005702807043379555
0.005711630064416398
0.005739004396586592
0.005778443004735846
0.005823104223440772
0.005874775984012685
0.0059157791494711
0.0059406363962766955
0.005961252957575172
0.005969988369291372
0.005970440631002665
0.005976798802169157
0.005978019528008257
0.005987618471940031
0.006001916443884788
0.006021042716243044
0.006041538847729033
0.006055459549784968
0.006066083329494578
0.006076120428851021
0.006089516420325243
0.006090734829563443
0.006085628313643348
0.006085300324925566
0.006083026838920105
0.00606775876470948
0.006042616143831222
0.006024334624580541
0.006014203414066118
0.006004107510017367
0.005994526952359397
0.005999420504400495
0.0060239138714803814
0.006051389794537121
0.006065942424889545
0.006081169889299623
0.006088569799359291
0.006079109743085509
0.006070233095121759
0.006062819426930339
0.006063963562272402
0.006064761014444639
0.0060529958992519475
0.0060337724953516535
0.006019134970734912
0.0060241147794013435
0.006035015562829894
0.00602524611073238
0.006032212029504032
0.006066959360053533
0.006098801495178004
0.0061157430344626436
0.006133491391879792
0.006157765346345028
0.006171247839061341
0.006186121103911875
0.006213475576310636
0.006218585113823064
0.006186409432564406
0.0061594567228734545
0.006152049494967572
0.00614592912578038
0.006150316703446163
0.006147252935350398
0.006130113960459341
0.00612179708518042
0.006135894904899976
0.00616745552565417
0.006179270285604584
0.006160603925327974
0.006134128076373324
0.0061122069596868675
0.006089787557603233
0.006059924347570726
0.0060523242945043475
0.006063843574693685
0.006070858783506594
0.006071403575159116
0.006068597153093057
0.006074319374171444
0.006092382182240639
0.006109840489733495
0.006119947801909311
0.006126692121372996
0.006130538595072087
0.0061379005188163865
0.006142691735207726
0.006141682953576932
0.0061406094751016065
0.006145112599446956
0.006145501792499204
0.006153249296566077
0.006165238154943721
0.006180143870514652
0.006200407305127957
0.006216949450486778
0.006231096572015629
0.006229854734480245
0.006215213069110727
0.006213669919980469
0.006221961613215183
0.006226282167442758
0.006223623859000547
0.006228239228872344
0.006245946252899944
0.00626613127711673
0.006276314516292369
0.006275076734392281
0.00626729092020391
0.006261170553499761
0.006259810574129394
0.006251937576056956
0.006239514413733573
0.006235399188642537
0.006237176660132657
0.006225436091590247
0.006215270595710305
0.006219558777779266
0.006222561946328539
0.00621995512793712
0.0062054073851497684
0.006176954883041053
0.006141287204098498
0.006113389321539716
0.006098884541593779
0.00610669493098929
0.00613340303754966
0.006152509514419624
0.006162764219489171
0.006166328737441359
0.006159830057160907
0.0061561676512684555
0.0061605138596578625
0.006154407428487776
0.0061394143472175014
0.00612547027083993
0.006113003437351884
0.00609804413688772
0.006073608751550967
0.0060449536760603315
0.006020761751050315
0.005990480663224885
0.005969453442337759
0.0059635195472741995
0.005965685678456462
0.005966064586767368
0.005959283676938809
0.005934996806452062
0.005908727325816852
0.0058975525589928185
0.0058935143835321824
0.005894267581539734
0.005885931939227725
0.00588161066442817
0.005887828654290928
0.005896391661863173
0.005912356685732207
0.005914073501930961
0.0059100819816125414
0.005915139228532598
0.005916120068012205
0.005911859236337426
0.005909014722905617
0.005887896633097094
0.005850894698422324
0.005822786919055589
0.005816231369263384
0.00582825221521009
0.005826345317785189
0.0058208632903904685
0.0058181900873141255
0.005815158649589575
0.00581397093601692
0.00581027954946267
0.005797033607207635
0.0057708286912115875
0.005748871236480378
0.005743339790211659
0.0057403211064932244
0.005736964403584876
0.005750684795852154
0.005776223923437073
0.005796186230814433
0.005797939619394227
0.005790434294605366
0.005804708866655143
0.005837430257299716
0.0058662139724287455
0.005890292268097329
0.005904648552658748
0.005908899850122901
0.005906239480709486
0.00591312004327968
0.005920138199715858
0.005909523818715188
0.005888717270178235
0.0058738598922839355
0.005857721092618997
0.005849928529593481
0.005852874756497793
0.005857149859299974
0.005856550199288953
0.005853770358795656
0.005848098454078956
0.005842900929837591
0.00584962752956924
0.005854664144666643
0.005850223772971637
0.0058404585076587195
0.005825363777119313
0.0058131459239665
0.005803384183036003
0.0058118596485818175
0.005842597343229668
0.005876005298448899
0.005899834179133112
0.005906816856888581
0.005897823603182098
0.005874829388787973
0.005856874481175519
0.005851077076837935
0.005837354230297824
0.005822173030391134
0.005820723601882024
0.005831623232627173
0.00583514204659351
0.005829055287791818
0.00582433524040289
0.005812305630734321
0.005794024134026715
0.0057920593482932185
0.005793554871479661
0.005791784942298417
0.005790204583242086
0.005789146252802179
0.005786004753108346
0.005774331106592422
0.005761649283521381
0.005753140573755895
0.005746075411064187
0.005726226838631779
0.005705838542497761
0.00569701630108248
0.005680468879576789
0.005687340464021771
0.00572816641983859
0.005776289033280683
0.005805585851580041
0.005800469289974709
0.005782492999823185
0.005780472105240411
0.005786903253366918
0.0057814074050803925
0.005769213533520246
0.00576345827500301
0.005768153231291287
0.005780923700203075
0.005785614473431091
0.005781626260454021
0.005774575689430573
0.005765989776649162
0.005752299319676113
0.005731357015983016
0.005705718991219812
0.005686624385027763
0.005665665099770767
0.005653114535048788
0.005658259532431567
0.005659926802204264
0.005682468341873705
0.005709652622422295
0.005713216212742363
0.005707195288941659
0.0057033596030143475
0.005698454163066628
0.005694942853193935
0.005693154050468762
0.005685525738347
0.005676667115357334
0.005677949486047539
0.00569155536796173
0.005694852597405142
0.005691084001287221
0.005688699773745647
0.005679976564236028
0.005667902201224244
0.005672860899095791
0.005692003225753288
0.0057205379987623275
0.005757603235403914
0.005799389169947386
0.005826347631594151
0.005835087480919117
0.005833210275755777
0.005829296198062541
0.00582210248994129
0.005808146406950156
0.005795708163672777
0.005782213057318142
0.005774114028108319
0.005774689336755224
0.005771413231456386
0.005762567553946492
0.00574304602858168
0.005729709765895216
0.005728192017379224
0.005718225880164611
0.005698597695807693
0.005691702492338627
0.0056891361547081265
0.005663560571646289
0.0056294270446166665
0.005598726679563815
0.005571815907342596
0.005552754966888377
0.0055288458056239305
0.005517581928538968
0.005517336379278713
0.005517526179769292
0.005527514694977332
0.005542713084270497
0.005548805279298617
0.0055435342558224805
0.005525210696329874
0.005489803649116695
0.0054564182277786364
0.005446389573245445
0.005455790784961059
0.005455789248415691
0.0054537790868799405
0.0054524247522861535
0.005433222900137267
0.005406001223816118
0.005382878923031745
0.005352330571062621
0.005320014405146685
0.005288968417587995
0.005276233394013712
0.005271934839909743
0.005242268096169626
0.0052134997514230765
0.005211668600457489
0.0052049250953131124
0.005193275370292599
0.005185150297899265
0.005168401989652144
