0.748752
0.7280615
0.7075805
0.6889835
0.672635
0.6585245
0.646556
0.6363565
0.6276935
0.62023
0.6136645
0.607768
0.602358
0.597406
0.59286
0.5886115
0.584698
0.581054
0.5777215
0.5746685
0.5719375
0.569491
0.5672895
0.565298
0.5634765
0.5618395
0.560373
0.5591165
0.558049
0.557159
0.556475
0.5558725
0.555305
0.554739
0.5542
0.553721
0.55329
0.552923
0.5526745
0.5524625
0.552321
0.552192
0.5520925
0.552017
0.5519835
0.5519865
0.551981
0.551985
0.5519905
0.551991
0.5519755
0.552011
0.5520835
0.552155
0.552186
0.552225
0.552274
0.552296
0.5523365
0.5523235
0.5522745
0.552221
0.552183
0.5521615
0.5521425
0.5521465
0.5521065
0.5520975
0.5520665
0.5520175
0.5519625
0.551856
0.551711
0.55159
0.5515345
0.5515345
0.5515395
0.5515745
0.5515635
0.5515775
0.5516455
0.5517465
0.5519455
0.552138
0.552391
0.552623
0.5527835
0.552913
0.552948
0.552917
0.5528215
0.5527625
0.552738
0.5527915
0.552871
0.5529555
0.5530375
0.5530595
0.5530235
0.5529965
0.552899
0.552748
0.5525835
0.5524065
0.5522855
0.552211
0.552209
0.552243
0.552302
0.552405
0.5525105
0.5526005
0.5526955
0.5527785
0.5528715
0.5529595
0.553027
0.553103
0.553231
0.5534345
0.5536935
0.5540235
0.554356
0.5546175
0.5548935
0.555127
0.5553015
0.555425
0.555536
0.5556195
0.555689
0.5557015
0.5557065
0.555711
0.5556335
0.55553
0.5554
0.555236
0.5550125
0.5547805
0.554578
0.554383
0.5542295
0.5540935
0.553999
0.553927
0.5539185
0.553889
0.5538905
0.5539565
0.554012
0.5539485
0.553897
0.553853
0.5538775
0.553886
0.55393
0.553933
0.5539485
0.5540075
0.5540515
0.554103
0.5541185
0.5540945
0.5540265
0.553913
0.553774
0.5535965
0.553479
0.55334
0.553274
0.5532145
0.553171
0.5531705
0.5531495
0.5532275
0.553319
0.5534075
0.553495
0.553577
0.5536605
0.5537505
0.5538675
0.553991
0.5540565
0.5541255
0.5542135
0.554274
0.5543125
0.554357
0.5543545
0.5543775
0.5544255
0.5544645
0.5544475
0.554412
0.554365
0.554294
0.55426
0.554299
0.554387
0.5544975
0.5545585
0.554583
0.554546
0.5544795
0.55439
0.554345
0.5543375
0.5543755
0.554421
0.554529
0.5546635
0.5548145
0.554929
0.5549905
0.554949
0.554901
0.554813
0.5546635
0.554464
0.5542165
0.553944
0.553749
0.5536285
0.5534995
0.553309
0.5531555
0.553049
0.552958
0.552855
0.55279
0.552739
0.552742
0.552714
0.552644
0.552561
0.552608
0.5526135
0.5526215
0.5526
0.5525795
0.552571
0.552553
0.552527
0.552531
0.5525385
0.552525
0.5524655
0.552432
0.552435
0.552497
0.55254
0.552602
0.5526685
0.552715
0.5527255
0.5526895
0.5526435
0.55259
0.552558
0.552533
0.552443
0.5523475
0.552295
0.552196
0.5520915
0.5520375
0.552004
0.551939
0.5519185
0.5519205
0.551944
0.5519905
0.552069
0.552164
0.5522535
0.552306
0.5524005
0.552458
0.552529
0.552637
0.5528205
0.5529925
0.553199
0.5533935
0.553554
0.553704
0.553856
0.5539915
0.5541075
0.5542385
0.554338
0.5543885
0.5544355
0.5544995
0.554612
0.5547225
0.554869
0.5549355
0.5549765
0.554993
0.5549325
0.554908
0.5548665
0.554818
0.554787
0.5548185
0.5548375
0.5548595
0.55484
0.5547395
0.5546185
0.5545195
0.554383
0.5542555
0.5541505
0.554118
0.5541395
0.554226
0.5542685
0.5542295
0.5541405
0.5540495
0.5540165
0.5540555
0.554142
0.554314
0.5545335
0.5547765
0.5550135
0.555237
0.5554615
0.5555945
0.555696
0.55578
0.555811
0.555803
0.555828
0.555877
0.555926
0.555986
0.55602
0.556004
0.5559155
0.555821
0.555782
0.555736
0.555647
0.555536
0.5554805
0.555388
0.5552755
0.555154
0.55511
0.5550505
0.5549305
0.554759
0.5545135
0.5542645
0.5540155
0.5537305
0.5534455
0.5531475
0.552907
0.552672
0.5523905
0.5521025
0.551861
0.5516975
0.551597
0.551557
0.5515425
0.551568
0.5516185
0.55168
0.5516765
0.5516625
0.5516305
0.551601
0.5515955
0.551507
0.551389
0.5513695
0.551432
0.551534
0.5516615
0.551798
0.551848
0.551806
0.5517695
0.551664
0.551579
0.551499
0.551478
0.551504
0.5515115
0.551491
0.5514575
0.5514385
0.551452
0.5514115
0.5513135
0.5511555
0.551007
0.5509405
0.5509125
0.5509225
0.5509105
0.5509055
0.550936
0.551002
0.551076
0.5512005
0.5513715
0.5515935
0.5518635
0.552109
0.552319
0.552506
0.5526635
0.552746
0.5527605
0.552796
0.5528535
0.552937
0.5529795
0.553026
0.5530985
0.553174
0.5531885
0.5531685
0.553229
0.5532915
0.5533215
0.5533065
0.5533025
0.55327
0.5532835
0.553312
0.553377
0.5534985
0.5536565
0.5538425
0.5540125
0.5541545
0.554222
0.554216
0.554163
0.5541445
0.5541635
0.55419
0.554184
0.5542465
0.5543215
0.5543965
0.5544395
0.5544155
0.5543455
0.5542525
0.554162
0.5540775
0.5539855
0.553952
0.553977
0.554029
0.5540875
0.5541485
0.554196
0.554241
0.5542425
0.5541685
0.5540455
0.5538685
0.5536205
0.553359
0.5531525
0.5530075
0.5529215
0.552889
0.552864
0.55286
0.552803
0.5527155
0.5526335
0.552569
0.552509
0.5524565
0.552418
0.552387
0.5524295
0.552507
0.5526595
0.55284
0.5529975
0.553182
0.5533375
0.5534505
0.5534945
0.553479
