0.030460032122641412
0.0302068212852683
0.02907405957323527
0.02781873619880976
0.026460577741494042
0.025016290529802566
0.023542932968056242
0.0221285745275883
0.020820449510339074
0.019619605985393473
0.01851364695839295
0.017558705487827588
0.016795983736988884
0.01616645808364803
0.01561123864958041
0.015150556327331382
0.014773702915020009
0.014453964525700318
0.014178914276983343
0.013952259421001895
0.01380338279559978
0.013728003892232723
0.013693624185730276
0.01368772363962153
0.013680861196513582
0.013680973210253307
0.013713639707281284
0.01375943459031195
0.013811604647802815
0.013854173504130686
0.013889510638076358
0.013921246618428246
0.013974504662852895
0.014014714544027671
0.014016310092157586
0.014021177897497808
0.014017746050529129
0.014015232582332279
0.014027723077145967
0.01404475245734434
0.014073129733659727
0.01409300772821031
0.01408225290654349
0.014038774810444061
0.014010613423087867
0.01401870970463899
0.014052143483457027
0.014098691705919078
0.014120203758979292
0.014123382554891439
0.01410920188270689
0.014079226108094683
0.014047384808397245
0.014039923875939553
0.01407507491482397
0.014119340808657049
0.014143557450088738
0.014148042832587002
0.014137185147656207
0.014103032232309258
0.014050196876682564
0.01396425826250568
0.013877568894532299
0.013817326492334286
0.013744921283697907
0.013688526110728872
0.013651227661533876
0.013613174596399307
0.013581704545432291
0.013543221469622335
0.013491881779170456
0.013443224939912886
0.013392128270861128
0.01333491460411955
0.013292634124527152
0.013305143836120898
0.013334493091349934
0.013334639484442861
0.013365297206141527
0.013417412745018781
0.013459668624972465
0.013472174248395046
0.013457682192164517
0.013424517001885685
0.013421961252742625
0.01345686847285109
0.013468590608211532
0.013487375559584878
0.013571143829226556
0.013676278323422168
0.013748520595972761
0.013768537476647033
0.013759154659522321
0.013760836898277467
0.013743126417662148
0.013724797440158955
0.013716614783388795
0.013699241327871921
0.013695357805910404
0.013710614955612216
0.01372933984552737
0.013755585725202074
0.01377729403215508
0.01376693601830577
0.013725463978008218
0.013677235404482712
0.01364683071665329
0.013619259891273617
0.013597407621862003
0.013562487578824238
0.013525491125334941
0.013514039453565961
0.013509326535912438
0.01349414717342161
0.013461277436993107
0.01344181705534584
0.0134299630370262
0.013418513246401642
0.013397187736935491
0.013346234079347527
0.013279953387705271
0.013233003392221868
0.013203777491846558
0.01317715228903088
0.013167938916418417
0.01320074332971419
0.013248364055804464
0.01329676877351286
0.013338420330527566
0.013350963344762531
0.0133855183407145
0.013442785043439275
0.013498402785991868
0.013553658951475396
0.013627704203198818
0.013681954146124036
0.013701283331203577
0.013717105519317629
0.013734648944016437
0.013759243859500931
0.013784487444608964
0.013795996528771665
0.01380705648006708
0.013829249852006346
0.013852374025017588
0.0138633251783494
0.013887036535899842
0.013912726024206056
0.013905776027061265
0.01389450236189739
0.013900606069472906
0.013883582573062329
0.01383164271984282
0.01374795550277202
0.013657336740833961
0.013611220682411274
0.013581100923439667
0.013541055332804962
0.013492100602002734
0.013433705844903509
0.01339953657089159
0.013388541280700134
0.013376580281747645
0.013394054208365026
0.013408453830052269
0.013391408334268304
0.01335363520815476
0.013348634382219603
0.013375568637001237
0.013395589719927863
0.013438337766835921
0.013502393339052033
0.0135461017984153
0.013532882293120803
0.013529392596152837
0.013545137633410458
0.013563264796954922
0.01358562220608277
0.013596378152849949
0.013594163358185671
0.013570509879473145
0.013524923069444405
0.013482764507407275
0.0134393904929737
0.013403190202642582
0.013379823599598141
0.013340080110512555
0.013302544296224631
0.013295616046111474
0.01330749513142621
0.013327107289130984
0.013328853303112358
0.013346371990715736
0.013393170956851908
0.013434083310850954
0.013460282888493194
0.013467361244565898
0.013470411858679076
0.013475360282982785
0.013492205341080215
0.013519647262824926
0.013553023126073926
0.01357750155108596
0.01357367819619798
0.013543565530847816
0.013499549210878764
0.013456495204154588
0.013407152885284912
0.013363335094716695
0.013327785205607637
0.01331895686070843
0.013286534124368827
0.013241273292112757
0.01320324442675959
0.013180447151862546
0.01318046579199079
0.013162974447639307
0.013154049141878822
0.013175780212562466
0.013185831343863091
0.01318742217233247
0.013184490791213444
0.013174956077621414
0.013162494042601978
0.013132020526830162
0.013099063942077464
0.013087809594458181
0.013096295835558063
0.013106406940096706
0.013112426581051813
0.013124852679603788
0.013132526934892615
0.013191289531883525
0.013282948358221617
0.013348621764528883
0.013365094181487956
0.013334131740171394
0.013290797167808384
0.013255035556005653
0.013237528304184794
0.013248354480921683
0.013294330348039509
0.013343694043514225
0.013395407875770917
0.013456398322120535
0.013510219599698758
0.013539406451576525
0.013579946309018414
0.01360171922935254
0.013566115809361286
0.0135235963877889
0.013486479728330135
0.0134297595656985
0.013341503216129414
0.013250901143425444
0.013194218090889793
0.013176515091839314
0.013197536778105309
0.013221843864357204
0.013219505350414976
0.013207442718387613
0.013214744446178334
0.013238215090065716
0.013245648765104678
0.013235161357787495
0.01322637460241043
0.013219331989866598
0.013212205167572214
0.01317728816735914
0.013160382073080039
0.013188308190268536
0.013273283642805615
0.013375057601114994
0.013431490106476884
0.013483197625417404
0.013556223201808068
0.013626532445308875
0.013672815018226174
0.013677910610960924
0.013672913541668287
0.01365737793506216
0.01363445191175401
0.013643431645524872
0.013696983208892665
0.013765276442472009
0.013812091789896024
0.013834405708700615
0.013869802540667955
0.013940792506877886
0.0139708949932365
0.013951654440681494
0.013902954067698167
0.01383680046138626
0.01382430497446004
0.013831468558274832
0.013835588803822466
0.013818665589378972
0.013804409346422774
0.013800711345924203
0.013766270095606523
0.013712624221276785
0.013649400299337805
0.013597196965754923
0.013562491846548183
0.013516972109381895
0.013474045764883695
0.013444022082972438
0.013420217021810841
0.013423817670880665
0.01346255063839721
0.013502416674249274
0.013547483017700547
0.013564354925578267
0.013532111711228782
0.013501195285300182
0.013481780588513192
0.01344862519937774
0.013419472643377964
0.013407246146885947
0.013406840341972285
0.013408028489099033
0.01342441354003807
0.01347893174134514
0.013560960149461848
0.013649547758122037
0.013718024511593414
0.013752624899578852
0.013757288782726751
0.013764581146929472
0.013784541772386149
0.013793017807895073
0.013804783911491435
0.013847454636369758
0.013873577688232079
0.013862023909916064
0.013828766073259351
0.013771394038091514
0.01371174111458807
0.013646786881474348
0.013575530788284152
0.013529536114922538
0.013523161366299857
0.013525397330838176
0.013492851931339242
0.013428481149318423
0.013353609704079684
0.013313971989737439
0.013310060644489786
0.013317110912201096
0.013321321888549915
0.013326580148519682
0.013349448250090339
0.013351844987162666
0.013383145672527432
0.013455285144369238
0.01352707665133735
0.013595429974163355
0.01364660070457131
0.013669662342413158
0.013684613596736603
0.01370944676656589
0.01373806616733456
0.013776741741134656
0.013804842430161977
0.013816442261027566
0.01382155522423408
0.013801504704417884
0.013733195934088293
0.01365924906713614
0.013594817382582712
0.013525171826545158
0.013458459029306707
0.013391044070101344
0.013312317841460197
0.013263330160971833
0.013283220189158557
0.01333548565740039
0.013345709107835457
0.013327303786680372
0.013329787839532809
0.013370469014460727
0.013415742208908833
0.013457605135042482
0.013508287109549974
0.01354280799040235
0.013576173992330957
0.01363402322372888
0.013707283704277092
0.013772129822129796
0.013787321785288532
0.013752440489183282
0.013734656140114872
0.01374201542982807
0.013749138016142736
0.013743394926688413
0.013725963974682953
0.01370548419556048
0.013684177283793895
0.013673147059482905
0.01367364131561706
0.013650230125690192
0.013631817565137415
0.013659051681626242
0.013680947625078115
0.013641038095029315
0.013555718234417665
0.013471584692288176
0.013411929405924908
0.013381490815845195
0.013361474492491697
0.013334235810155876
0.013324436506698425
0.01331348537444721
0.013281186710113958
0.013282387680944339
0.01330033292589863
0.013298649049277968
0.013273085963691145
0.013245431133090653
0.0132400650230898
0.013251531624351212
0.013288791811507638
0.013366310226452172
0.013471289259042693
0.013541153053211673
0.013572373770338694
0.013601955234689588
0.013634318978894444
0.013668567251473432
0.01369390018155208
0.013686838090584715
0.013665504356953437
0.013665829359811064
0.01367722210165813
0.013674055832438947
0.013658992689652689
0.013657570271437401
0.013648422393504384
0.013624219298021552
0.013594616453000903
0.013562635796096583
0.013561691584590706
0.013565002620528536
0.01353669777580022
0.013493294684668082
0.013472902817464681
0.013463236281306799
0.013410945638931422
0.013370307327457202
0.013363296187878024
0.01336481152663196
0.013383020337816324
0.013405766974268579
0.013406154128538494
0.01338884783606765
0.013400284401768338
0.013402190662336845
0.013381981356627272
0.013385105446597247
0.013398255090138955
0.013420591054233101
0.013434142421739367
0.013423618323388859
0.01342016212709083
0.013425007520660441
0.013424739136316562
0.01341075601077507
0.013397984434412312
0.013412723580402386
0.013432917485151076
0.01345637871283291
0.013504752135288324
0.013546854755506392
0.013542001233523155
0.0135224413161847
0.013519666428234128
0.01351605574335022
0.013505785591655422
0.013478408377972992
0.013412385695458525
0.013349052239379763
0.013342118729607607
0.013351095201313841
0.013372334081045479
0.013434462278860018
0.013509230921532493
0.01357779458804517
0.013619702035981583
0.013653095551294998
0.013669684615764446
0.013711729792761664
0.013791658345153108
0.013840784913780789
0.01386105794921868
0.01385225121030902
0.013838246834506273
0.013854213127681064
0.013907342572100157
0.013963081836703112
0.013994207354465958
