0.783545
0.7634475
0.743518
0.7238625
0.7045585
0.6856825
0.6672645
0.6493225
0.631831
0.6148005
0.598158
0.5818485
0.565906
0.5503635
0.5351945
0.5203945
0.5059525
0.4918305
0.4780465
0.4645975
0.4514815
0.4387265
0.4263355
0.4143145
0.402656
0.3913345
0.380349
0.369691
0.359352
0.349313
0.3395725
0.3301225
0.320955
0.3120715
0.3034555
0.295108
0.286996
0.2791195
0.2714855
0.264072
0.2569085
0.249952
0.2431775
0.2365995
0.2302125
0.2240085
0.217997
0.2121845
0.2065375
0.2010415
0.1957145
0.1905355
0.1855025
0.18062
0.1758745
0.171249
0.166756
0.162385
0.1581265
0.1539765
0.1499255
0.1459875
0.1421425
0.138383
0.1347095
0.131128
0.127633
0.1242205
0.120891
0.117653
0.1144875
0.1113975
0.1083855
0.1054535
0.102605
0.0998425
0.097162
0.0945555
0.0920195
0.0895475
0.087136
0.084784
0.082489
0.080259
0.078083
0.0759575
0.0738885
0.0718705
0.069911
0.0680065
0.066163
0.0643735
0.062636
0.0609575
0.059329
0.057753
0.056227
0.054745
0.053307
0.0519115
0.05055
0.0492255
0.0479335
0.0466815
0.0454595
0.044269
0.0431
0.0419545
0.040834
0.039737
0.038661
0.0376105
0.03658
0.0355725
0.0345895
0.0336355
0.032708
0.0318165
0.0309585
0.03013
0.029327
0.028549
0.0277975
0.027074
0.026376
0.0257085
0.025061
0.024431
0.023818
0.023219
0.022632
0.022056
0.021496
0.02095
0.020422
0.0199065
0.0194045
0.018919
0.0184475
0.017989
0.017543
0.017109
0.0166845
0.0162695
0.0158645
0.0154735
0.0150945
0.014724
0.014361
0.0140055
0.0136555
0.013309
0.0129675
0.012632
0.012303
0.0119795
0.011663
0.011352
0.011046
0.010743
0.0104455
0.0101525
0.009864
0.009585
0.009317
0.009057
0.008805
0.0085585
0.0083205
0.0080925
0.007871
0.0076585
0.0074495
0.007249
0.0070545
0.0068665
0.0066855
0.00651
0.0063375
0.00617
0.0060055
0.005844
0.0056915
0.005541
0.0053935
0.00525
0.0051095
0.004972
0.0048405
0.004713
0.004589
0.0044675
0.004351
0.0042385
0.00413
0.004025
0.003924
0.0038285
0.0037365
0.003646
0.0035575
0.00347
0.0033835
0.003301
0.00322
0.003139
0.0030595
0.002982
0.002907
0.0028335
0.0027615
0.0026905
0.00262
0.002553
0.00249
0.00243
0.0023715
0.0023145
0.0022595
0.0022085
0.0021585
0.002109
0.0020605
0.002012
0.0019645
0.001917
0.0018705
0.001824
0.0017775
0.001732
0.0016865
0.0016415
0.0015985
0.001556
0.0015135
0.001471
0.0014285
0.001387
0.0013465
0.0013065
0.0012675
0.0012295
0.001195
0.001161
0.0011275
0.001094
0.0010605
0.0010275
0.000995
0.000964
0.000933
0.000902
0.000872
0.0008425
0.000815
0.0007885
0.0007635
0.000739
0.000715
0.0006915
0.0006695
0.0006485
0.000628
0.0006085
0.00059
0.0005715
0.0005535
0.0005355
0.000519
0.000503
0.0004875
0.000472
0.0004565
0.000441
0.0004265
0.000412
0.000398
0.000384
0.0003705
0.000357
0.0003435
0.00033
0.000317
0.000304
0.000292
0.00028
0.000268
0.0002565
0.000246
0.0002355
0.0002255
0.0002155
0.0002055
0.0001955
0.0001855
0.0001755
0.000166
0.0001565
0.0001475
0.0001385
0.00013
0.0001225
0.0001155
0.0001095
0.0001035
9.75e-5
9.15e-5
8.7e-5
8.25e-5
7.8e-5
7.35e-5
6.95e-5
6.6e-5
6.25e-5
5.95e-5
5.65e-5
5.35e-5
5.05e-5
4.8e-5
4.55e-5
4.3e-5
4.05e-5
3.8e-5
3.55e-5
3.3e-5
3.05e-5
2.8e-5
2.55e-5
2.3e-5
2.05e-5
1.85e-5
1.65e-5
1.5e-5
1.35e-5
1.25e-5
1.15e-5
1.05e-5
9.5e-6
8.5e-6
7.5e-6
6.5e-6
5.5e-6
4.5e-6
3.5e-6
2.5e-6
2.0e-6
1.5e-6
1.0e-6
5.0e-7
0.0
0.0
0.0
0.0
0.0
0.0
0.0
0.0
0.0
0.0
0.0
0.0
0.0
0.0
0.0
0.0
0.0
0.0
0.0
0.0
0.0
0.0
0.0
0.0
0.0
0.0
0.0
0.0
0.0
0.0
0.0
0.0
0.0
0.0
0.0
0.0
0.0
0.0
0.0
0.0
0.0
0.0
0.0
0.0
0.0
0.0
0.0
0.0
0.0
0.0
0.0
0.0
0.0
0.0
0.0
0.0
0.0
0.0
0.0
0.0
0.0
0.0
0.0
0.0
0.0
0.0
0.0
0.0
0.0
0.0
0.0
0.0
0.0
0.0
0.0
0.0
0.0
0.0
0.0
0.0
0.0
0.0
0.0
0.0
0.0
0.0
0.0
0.0
0.0
0.0
0.0
0.0
0.0
0.0
0.0
0.0
0.0
0.0
0.0
0.0
0.0
0.0
0.0
0.0
0.0
0.0
0.0
0.0
0.0
0.0
0.0
0.0
0.0
0.0
0.0
0.0
0.0
0.0
0.0
0.0
0.0
0.0
0.0
0.0
0.0
0.0
0.0
0.0
0.0
0.0
0.0
0.0
0.0
0.0
0.0
0.0
0.0
0.0
0.0
0.0
0.0
0.0
0.0
0.0
0.0
0.0
0.0
0.0
0.0
0.0
0.0
