0.0346039580546875
0.02938566098839598
0.020693340307160198
0.015366775396765642
0.012641582129843105
0.011140279781050118
0.0102121619738989
0.009547258301402965
0.009011225471561059
0.008558210786406232
0.00817529554957031
0.00785495239341575
0.007588529863736358
0.007367154836697673
0.00718308190144901
0.007030104713483466
0.006902482826883995
0.006796104846393577
0.0067096892571500205
0.006642285335717323
0.006591315825382362
0.006553581576347693
0.006526496520082332
0.006507951390195856
0.006495907739865485
0.006489359673189734
0.0064877185416587595
0.00648923706554485
0.006492530285833085
0.006497849564476846
0.0065050031088570645
0.006511758668575429
0.006516831025140247
0.0065213218707289265
0.006525839721797027
0.006529380073944819
0.006531554336782239
0.006533487042324875
0.0065350444207104615
0.006534634579353524
0.006531718421171248
0.00652723105650385
0.006522384624111229
0.006517183493325921
0.006511340118348777
0.006505739538508155
0.006501270884472498
0.006497394861386388
0.006493243754475819
0.006489021234462461
0.006485177245720281
0.006481854371968697
0.006479334834555964
0.0064771699797987765
0.006474740101606714
0.00647245321930424
0.0064703479528551424
0.006467907685843937
0.0064655791257142905
0.006464453985657103
0.006464520577708026
0.006464896062215531
0.006465376746641503
0.006465823400890487
0.006465018655237892
0.00646280100923151
0.006460213172130972
0.006457961498835711
0.006456155693699277
0.006454657237600435
0.006453796736687663
0.006453849920480692
0.006453957665776781
0.006453450646019093
0.006452879075411529
0.00645271975296102
0.0064531513550199196
0.006454414692068487
0.006456345080758239
0.0064590222408788655
0.006461967904377488
0.006463922298537188
0.006464642359716968
0.006464555168849982
0.006464164645155743
0.006463868185973225
0.006463469608987153
0.006462932303961463
0.006463130427294742
0.006464108697557894
0.0064646786275446705
0.006464347263659122
0.006463059455820936
0.00646134805426043
0.006460618729192336
0.006461483421935507
0.006463179444330656
0.006464816758057956
0.006466333132169408
0.006467616395862958
0.006468165737241517
0.006468390688282582
0.006468650592967192
0.006468555458307301
0.006467868438320671
0.006467217868950012
0.006467678942341149
0.006469117403914775
0.006470378487098356
0.006470942041833956
0.006471221028868581
0.006471299738222841
0.006470842426960909
0.0064694119370888835
0.006466989066282514
0.006465229443467234
0.006465585920521285
0.0064666894252459655
0.006466985374967703
0.006466981203346402
0.006466953043174817
0.006466834995144736
0.006466438272970489
0.006465142758244258
0.006463901236390993
0.006464304537589138
0.006465360263871329
0.006465275336655296
0.006464311601330131
0.006463545377328014
0.0064633275708356926
0.006463131081930049
0.0064622158323627684
0.006460713787682531
0.006459662193373278
0.006459633686368889
0.006460093071069825
0.00646016570356565
0.00646003662102429
0.006460211838680319
0.006460731241026313
0.006461494298585488
0.006462338953743934
0.0064631858905369105
0.006463959882243313
0.006464467446804338
0.00646486188529114
0.006465199170110617
0.0064649752959276005
0.006464181870113677
0.006463090675595956
0.006462358607836882
0.006462585924054829
0.006463217263511717
0.006463784153899541
0.006464368983741183
0.00646550871842058
0.006467879627125052
0.006470658290002664
0.006472294103408189
0.0064728290038516
0.006472821478710773
0.006472317333544052
0.006470951370213107
0.00646891789179495
0.006467202738203416
0.006466197453654093
0.006465931497165914
0.006466156042911142
0.006465947351983472
0.006465215711392322
0.006464046407805652
0.006462668461371164
0.006462039910599967
0.0064626361299606715
0.006463913396725862
0.006465108155562042
0.006465878612674121
0.006466154188159264
0.0064660139936238295
0.006465532688454797
0.006464689549819607
0.006463594377663066
0.006463027700038974
0.006463564910083525
0.00646415682039492
0.006463947137476263
0.006463892292907566
0.006464245774527905
0.006463955613887613
0.006462638792477438
0.006461577691409324
0.006461336593206895
0.006460937096687404
0.0064602044866389745
0.006459578636163093
0.006459342171306446
0.0064597537529058535
0.006460749687128082
0.006461713799426016
0.006462313499424722
0.00646332114337897
0.006465265617442053
0.006466892918217797
0.006467150588885069
0.0064669656386367805
0.006467194586012875
0.006467584555540995
0.00646741256829069
0.006466223850845217
0.006464653278719867
0.00646366403533727
0.006463209926506053
0.006462796031291727
0.006462199796890114
0.006461498178150503
0.006461184216921867
0.00646149109264421
0.006462062025369446
0.006462427818789928
0.006462624718883412
0.006462830807599239
0.0064626020856175526
0.00646165469737723
0.006460971647527496
0.006461647772049433
0.0064633772673215505
0.006464650926929008
0.00646470216268443
0.006464137218187994
0.006463315054939114
0.006462539706422753
0.0064626680548933646
0.006463731758959955
0.006464565783155697
0.006464578875375169
0.00646374504736328
0.006462171304769649
0.00646119905214758
0.006462170520578792
0.006464492685274631
0.006466415739597766
0.006467146538726315
0.006467311471021462
0.006467525013292839
0.006468069854762867
0.006468565653951698
0.0064682236576384874
0.006467914194921435
0.006469083718015066
0.006471562947201682
0.006474143224118147
0.006474979615688985
0.0064741261247193245
0.006473912691500846
0.006474512755731277
0.006474359932968303
0.006473501589585792
0.00647297341616201
0.006472665233564512
0.006471986012184245
0.006471070386158109
0.006470181935680712
0.006469160615451126
0.006467924609298122
0.006467105552810597
0.006467277938514054
0.006467949417553384
0.00646899163353952
0.006470516894845323
0.006471546296922812
0.006471348157200117
0.006470408041380388
0.0064694111847549045
0.006468392895698689
0.006467378615986726
0.006466227281739914
0.006465571584162015
0.006466196242113198
0.006467561413024967
0.006468670901947925
0.006468958536341165
0.006468744535117257
0.006468645811012418
0.006469231464033047
0.006470191265843473
0.006470840574386922
0.006471087907367989
0.006470572175537028
0.0064694090154341485
0.006468212590798492
0.006467408434277899
0.006467261847918886
0.006467113935868113
0.006466621004672005
0.006466126833028796
0.0064657673581979
0.006465674665679322
0.006466098912301947
0.006466423863603984
0.0064659204958192
0.006465383637595898
0.0064650223357571165
0.006464569747217012
0.006464593056323006
0.006464686554777933
0.006464034776766093
0.0064630957123528385
0.006462261207417891
0.006461623600550761
0.006461808227993528
0.006462611399606327
0.006462948746720801
0.006462739368707581
0.006462443410806099
0.006461982835246272
0.006461685182762108
0.006461854294565284
0.006461683007385003
0.00646092354589008
0.006460270347780528
0.006459892845004749
0.006459412820202964
0.006459160083118712
0.0064596936184008035
0.006460752135393783
0.006461615085841422
0.006461520113787883
0.00646059809784319
0.006460053276154175
0.006459979748920449
0.006458961269378948
0.006456712623926878
0.006454387818278894
0.0064531767408780236
0.0064534844224130436
0.006454511003971435
0.0064545606930991335
0.006453508481893286
0.0064530880054635914
0.0064540754512862715
0.006455791529416277
0.006457093086114828
0.006457424460135598
0.006457158096785764
0.006456781363472219
0.0064561326248834
0.006455273462574037
0.006454869305286074
0.0064555671026755084
0.006456733382161564
0.006457673105636711
0.006459094348227271
0.006460532291502565
0.006461186232902065
0.006461485855095939
0.006461953184437958
0.006462338927083808
0.006461691788976792
0.006460735771348322
0.006460589369852199
0.006460973013802707
0.0064612135090548126
0.006460703883987308
0.006459386736567138
0.006457910871816947
0.006456972129108911
0.006456118674320398
0.006454725451204465
0.006453512671725184
0.006452895961521352
0.00645214846646365
0.006451051696185344
0.006450650329296194
0.006451466435645759
0.006452747564991165
0.006453714034016443
0.006453798126078936
0.006453365647696416
0.006453069800592164
0.006453325490357183
0.006454011780940794
0.0064546131159532215
0.006455094440699002
0.006455749714219411
0.006456956940793035
0.006458165092367321
0.006458979612452239
0.006459828386900821
0.00646069892329183
0.006461452527035653
0.00646233477276439
0.006463182676839436
0.006463522313930909
0.0064635305052532475
0.0064638122178721355
0.00646393895841298
0.006463834158755762
0.0064641544320716265
0.006464325119891086
0.006463511221809541
0.006461610575459205
0.006459305595234895
0.006457722534076567
0.006457050863584838
0.0064565759404376435
0.006455347930310274
0.006453235891887827
0.006451076618334386
0.006449711411730731
0.006449636135494626
0.0064505268278868474
0.0064513377510818865
0.0064516516859730085
0.006452197090457462
0.006453081535386897
0.006453474344473947
0.006453539356056386
0.0064537985516742395
0.006453798081975137
0.006453500919273821
0.006453099088139373
0.0064527615650866055
0.006453180273552326
0.006454346300645938
0.0064556257455260285
0.006456593712082314
0.006457129881530389
0.006457389824977706
0.006457786867610261
0.0064583229478075875
0.006459107237217988
0.006460471056557985
0.006461992088320771
0.006462945158992917
0.006463641758896686
0.006464650136154609
0.006465405863001245
0.006465887158604736
0.006466591560845792
0.006467350379086966
0.006467797264501373
0.006467869555861273
0.0064681195200256844
0.0064685838785678755
0.006468402803246055
0.0064670658924376985
0.006465142668386843
0.006463831191876062
0.006463355131763123
0.006463154390949183
0.006463124173161991
0.006463447542305372
0.006464182935832667
0.006464814492584586
0.006464736508997431
0.006464162210895372
0.006463387961358729
0.006462434828717147
0.006461266724739657
0.006459613127195135
0.006457644464222427
0.006456474230939782
0.006456656668621621
0.0064571950122557205
0.0064571617792230675
0.0064569395874622
0.006456763204582988
0.006456121827697856
0.006455727204572869
0.00645641075860954
0.006457063920715669
0.006456384256144218
0.006454964328813526
0.0064543228316439995
0.006454609105899198
0.00645500334890607
0.006455144942735059
0.00645522255499984
0.006455225386821424
0.006454892363379399
0.006454477700127142
0.00645424228277908
0.006453801350336262
0.006453229367518353
0.0064530957608219695
0.006453269191809225
0.006452645192489765
0.006451229609322087
0.00645020117213665
0.0064500807573551365
0.006451167504419523
0.006453006880155469
0.006454029712242092
0.006453851715641583
0.006453443304227695
0.0064532245129114525
0.0064529659082443154
0.006452650999641141
0.006452259867716741
