0.21179338
0.19128527633333334
0.17161214866666666
0.15324293166666667
0.13657847533333334
0.121878145
0.109244227
0.09861363266666667
0.089777493
0.082450631
0.07634554966666666
0.071228986
0.06692585433333334
0.06329504466666666
0.060218425666666665
0.05759757433333333
0.055357963333333336
0.053440072
0.05180320333333333
0.050417995666666666
0.049258979
0.048298065333333334
0.04750832033333333
0.04686565266666667
0.04634891233333333
0.04594045866666667
0.045624927333333336
0.04539049566666667
0.045223754
0.045108461333333336
0.04503177333333333
0.04498257333333333
0.044953017
0.04493485666666667
0.044922498666666665
0.044911710333333334
0.044900568333333335
0.044886711333333336
0.044869634666666665
0.044847985666666666
0.044820482
0.044784836333333335
0.044742266333333336
0.044695256
0.044643418
0.044589115
0.04453176466666667
0.044473427333333336
0.044414863666666665
0.04435789
0.044302993
0.04425176233333333
0.044204008333333336
0.044160669666666666
0.044120945
0.044085938
0.044054523666666665
0.04402571833333333
0.04400125866666667
0.04398170366666666
0.043966626
0.04395539466666667
0.043947462
0.04394141866666667
0.043936762
0.04393261033333333
0.043926795
0.04391903666666667
0.043910752
0.043902999666666664
0.043895389
0.043889547
0.043886957
0.043889164333333335
0.04389535
0.043907816
0.04392271733333333
0.043938603
0.04395500166666667
0.04397047033333333
0.04398013033333333
0.043983856
0.043983691666666665
0.04398367066666667
0.04398658766666667
0.04399122833333333
0.04399812433333333
0.044003533666666664
0.044006841666666664
0.044007427333333335
0.04400767133333333
0.044009262333333334
0.044011361666666665
0.044013576
0.044019174
0.04402567366666667
0.044031433333333335
0.04403711833333333
0.044040839
0.044042445666666666
0.044042493
0.044041172
0.044038793
0.044035828666666665
0.044031719
0.044025756
0.04401975933333333
0.044014314666666665
0.044008338
0.04400188666666666
0.043995584666666664
0.043989684333333334
0.043984207
0.043979165333333334
0.043973015
0.04396593966666667
0.04396007266666667
0.04395504533333333
0.04394756933333333
0.043938726666666664
0.04392612466666666
0.043912259
0.04389775233333333
0.043884534
0.04387328533333333
0.043864084666666664
0.04385588033333333
0.04384692133333333
0.043839972666666664
0.043833650333333335
0.04382889933333333
0.043826807333333336
0.04382753833333333
0.043832063666666664
0.043839296666666666
0.04384817966666667
0.043859308666666666
0.04387181566666667
0.043885874666666665
0.043902379666666665
0.043920505666666665
0.043939205333333335
0.043955807
0.043971833333333335
0.043987291666666664
0.043999274
0.044009181
0.044019575666666665
0.044030469
0.044040686333333336
0.04405020933333333
0.044057477
0.04406504033333333
0.044072910666666666
0.044081021666666664
0.04408855133333334
0.044092103333333334
0.044092233
0.044088
0.044081262
0.044072298333333336
0.04406129733333333
0.044048351666666666
0.044034188
0.04401854066666667
0.043999847333333335
0.04398235166666667
0.04396475266666667
0.043949327
0.043937858333333336
0.043928571666666666
0.043923067
0.04391961366666667
0.043916477333333336
0.04391367266666667
0.043910633666666664
0.04390834166666667
0.04390877133333333
0.043911434
0.043916783333333334
0.04392539833333333
0.043934844
0.043945092
0.043954265
0.043960318666666665
0.043965502
0.04396928233333333
0.04397118033333333
0.04397039466666667
0.04396618066666667
0.043960621666666665
0.043954595
0.04394715566666667
0.043937888333333334
0.043928265
0.04391683133333334
0.043905513
0.043893882
0.043881365
0.043869584333333336
0.04385969
0.04385179733333333
0.043845575
0.043843115333333335
0.043842284333333335
0.04384232266666667
0.04384552433333333
0.04385004
0.043853701333333335
0.043857007
0.043858943
0.04386001766666667
0.043859833333333334
0.043860469666666665
0.04386145833333333
0.04386292333333333
0.043865601
0.043869714666666663
0.043874767
0.043881135333333335
0.043888094
0.04389311233333333
0.043897867
0.043902326
0.043905898
0.043905967
0.04390491966666667
0.04389807266666667
0.04388671166666667
0.04387029
0.04385121433333333
0.04383102766666667
0.04381322033333333
0.043800899666666664
0.043794188666666664
0.043794380333333334
0.04380002066666667
0.04380967533333333
0.04382163533333333
0.043836112
0.043851141
0.043863482
0.04387461833333333
0.04388622366666667
0.04389863
0.04391128266666667
0.04392411066666667
0.043934481666666664
0.04394606366666667
0.043958610333333335
0.043972194666666665
0.043987331666666664
0.044003833
0.044020393
0.044037075333333335
0.044051028
0.044063311
0.044072780666666665
0.04407947066666667
0.04408293333333333
0.044084574333333335
0.04408230033333333
0.044077396666666664
0.044071488666666665
0.044065725
0.044063182666666666
0.04406313433333333
0.04406452366666667
0.04406401233333333
0.044063217333333335
0.04406039233333333
0.04405635433333333
0.04405104566666666
0.044045069666666666
0.04403750066666667
0.04402886566666667
0.044019066
0.044009069666666664
0.04399976966666667
0.04399118766666667
0.04398217066666667
0.04397431266666667
0.043967339
0.043962034
0.043958694666666666
0.043955210333333335
0.04395174933333333
0.04394893466666667
0.04394663133333333
0.04394335566666667
0.04393965366666667
0.043937224
0.04393581033333333
0.04393308966666667
0.043929339
0.043924448666666664
0.04391844166666667
0.043911186
0.043902873333333335
0.043892950666666666
0.043882391666666666
0.04387045766666667
0.043859130333333336
0.04384967533333333
0.04384119266666667
0.043833846
0.043828764666666666
0.043825152666666665
0.043824810666666665
0.04382839066666667
0.04383337066666667
0.043840472666666665
0.04384562
0.04384938433333333
0.043850444333333335
0.04384704033333333
0.043838467666666665
0.04382747633333333
0.04381627766666667
0.043809535
0.043808173666666665
0.04381120933333333
0.043815631
0.04381904566666667
0.043822068
0.043824795666666666
0.043826356
0.04382585333333333
0.043824878
0.043825597333333334
0.043827800666666666
0.043829550333333335
0.04383076733333333
0.043830956666666664
0.04382979966666667
0.04382615233333333
0.043820387333333335
0.04381110233333333
0.043800538
0.04379080133333333
0.04378467266666667
0.04378239833333333
0.043783244666666665
0.043786486
0.04379138766666667
0.043798364666666666
0.043805950333333336
0.043812654666666666
0.043821306666666664
0.04383029533333333
0.04383773566666667
0.04384368733333333
0.043847781
0.04385142
0.043855927333333336
0.043859156
0.04386091833333333
0.043861116
0.04386008066666667
0.043860068
0.043860056333333335
0.043860062666666665
0.04386252733333333
0.04386598566666667
0.043868169
0.043869674666666664
0.04387021566666666
0.043867989333333336
0.04386443166666667
0.043861576666666666
0.04385858433333333
0.04385572333333333
0.043853451
0.043852807333333334
0.04385291633333333
0.04385395733333333
0.043854665333333334
0.043855189333333336
0.043855562
0.04385748266666667
0.043860515
0.043866283666666665
0.043874008
0.04388230566666667
0.04388897533333333
0.04389529466666667
0.04390136966666667
0.043906844333333334
0.04391425933333333
0.04392274433333333
0.043930662
0.043935626
0.043936280333333334
0.043933719333333336
0.043929356333333336
0.04392466833333333
0.043921438
0.04391940166666667
0.043918547333333335
0.043917896
0.043917150333333335
0.043916694
0.043917856666666664
0.04392071733333333
0.043923314
0.043924378
0.043923674333333336
0.043923332333333336
0.043924321
0.04392662433333333
0.043928571666666666
0.043928897333333335
0.04392719233333333
0.04392040566666667
0.043909144
0.04389526033333333
0.043882433
0.04386892866666667
0.04385520033333333
0.043842906333333334
0.04383313
0.043825426
0.04382089866666666
0.043819348333333334
0.043822440666666664
0.043829636
0.043838857
0.043849551
0.043860989333333336
0.043873052
0.04388570966666667
0.043899529
0.043914331
0.04392911066666667
0.043941168
0.04395050666666667
0.043956389
0.043959785333333334
0.043960154
0.04395917666666667
0.043958874333333335
0.043961549
0.043966828
0.04397306933333334
0.043979854666666665
0.043988252
0.043998215
0.044011053
0.044024145
0.04403653033333333
0.044045222
0.04405062433333334
0.044053873333333333
0.044054988333333336
0.044050641
0.04404070433333333
0.044025885333333334
0.044007228
0.04398623066666667
0.043966048333333334
0.04394987066666667
0.04393671666666667
0.043925339
0.04391576366666667
0.043907104333333336
0.043900458333333336
0.04389354966666666
0.043886244666666664
0.043878852
0.043871701666666665
0.04386628866666667
0.04386333966666667
0.04386170033333334
0.043862389333333335
0.043865867333333336
0.04386973166666667
0.04387457
0.043877974666666666
0.043877873
0.043874964
0.043869337
0.043860753
0.043849000666666665
0.04383551733333333
0.043820565
0.043804475
0.043788229666666664
0.04377077
0.04375266566666667
0.04373622233333333
0.04372040333333333
0.043705497333333336
0.04369351366666667
0.043685845333333334
0.043682277
0.043681612333333335
0.04368223
0.043683555
0.043685542333333334
0.043686988
