0.783545
0.7634475
0.744007
0.725721
0.7089745
0.694053
0.6810815
0.669984
0.6605355
0.6525615
0.6458035
0.6399625
0.634982
0.630749
0.627224
0.62423
0.62168
0.6194545
0.6176045
0.616039
0.614708
0.613625
0.6127765
0.6121555
0.611696
0.6114145
0.611281
0.611208
0.611169
0.611147
0.6111575
0.6112065
0.611288
0.611403
0.6115155
0.6116665
0.611779
0.611867
0.611955
0.6120285
0.6121245
0.6122385
0.6123585
0.6124835
0.612611
0.6126835
0.6127505
0.6128195
0.6128425
0.612855
0.6128685
0.6128785
0.6128915
0.612936
0.612973
0.6129795
0.612957
0.6129235
0.6128475
0.6127825
0.6127205
0.6126495
0.612563
0.6124195
0.612227
0.612022
0.611796
0.6115525
0.61135
0.611186
0.6110355
0.6109225
0.610813
0.610744
0.61065
0.6106895
0.61078
0.6108725
0.6109995
0.6111295
0.6112875
0.6114225
0.6115235
0.611678
0.6118215
0.6119375
0.612047
0.6120925
0.612129
0.6121265
0.612147
0.6121685
0.612222
0.612296
0.6123895
0.6125045
0.612643
0.612799
0.6129045
0.6129825
0.6130405
0.6130795
0.6131455
0.6133025
0.6134405
0.6135885
0.6136735
0.613651
0.613583
0.6135175
0.613394
0.613195
0.612984
0.612802
0.612642
0.6124855
0.6123575
0.6121935
0.611986
0.6117225
0.611412
0.611145
0.610861
0.6105885
0.6103395
0.610227
0.610258
0.6103665
0.6104935
0.610622
0.610722
0.610835
0.6110125
0.611238
0.6114695
0.611659
0.611861
0.612042
0.612223
0.6123955
0.6126245
0.612832
0.6129875
0.613127
0.6131725
0.613147
0.61305
0.612912
0.612777
0.6126545
0.6125
0.612328
0.612177
0.6120085
0.6117735
0.6115655
0.6113705
0.6111805
0.611027
0.6109195
0.6108135
0.6107545
0.6107415
0.6107635
0.6107475
0.610744
0.6108295
0.610973
0.611122
0.6112615
0.611377
0.611496
0.611663
0.6118555
0.612048
0.6122235
0.6123925
0.6125315
0.6126875
0.6127675
0.6127685
0.6127325
0.612672
0.612567
0.612459
0.6123245
0.612204
0.612141
0.6121085
0.6121485
0.612187
0.61225
0.612363
0.612491
0.6126155
0.612744
0.612881
0.613003
0.613052
0.613048
0.613015
0.612945
0.6128465
0.612733
0.6126005
0.612474
0.61237
0.612236
0.612066
0.611912
0.6117785
0.6116695
0.611545
0.6114775
0.611423
0.6113605
0.611269
0.61116
0.611118
0.611062
0.6109355
0.6108185
0.6107515
0.6106545
0.6105725
0.6104995
0.6104335
0.6103525
0.6102775
0.610238
0.6102215
0.6102345
0.6102575
0.6103105
0.6103965
0.6105815
0.6107285
0.6108935
0.611081
0.611273
0.6114495
0.6115495
0.611603
0.611655
0.611708
0.611723
0.611688
0.6116005
0.6114215
0.611235
0.61099
0.6106765
0.6103805
0.610172
0.6100325
0.6099635
0.609963
0.6100085
0.610061
0.610137
0.610232
0.6103245
0.6103755
0.6103805
0.610362
0.6103455
0.610314
0.610311
0.6104105
0.6105805
0.610788
0.610981
0.6112085
0.611498
0.6117495
0.611975
0.6122095
0.612444
0.6126375
0.612832
0.6130075
0.6131395
0.6132785
0.6135035
0.6137135
0.6138975
0.614102
0.6142135
0.6142495
0.614152
0.613998
0.6137865
0.613525
0.6132565
0.6130475
0.612887
0.612743
0.6125495
0.6123635
0.612138
0.611835
0.611548
0.6113085
0.6110835
0.610949
0.6109105
0.6109565
0.611075
0.6111895
0.6112995
0.6114235
0.6114995
0.6116275
0.6117285
0.6117895
0.6117935
0.6118515
0.611908
0.6119685
0.6120635
0.6122055
0.6123025
0.6123635
0.612343
0.6123145
0.6122785
0.6122835
0.6123505
0.6124265
0.6125025
0.6125545
0.6126155
0.61265
0.6126935
0.61271
0.6126675
0.6125345
0.6123545
0.612143
0.6118515
0.611561
0.611293
0.6110645
0.6109175
0.6108175
0.610713
0.610594
0.610519
0.6104935
0.610524
0.610588
0.6106835
0.610786
0.6109005
0.6110165
0.6111425
0.611307
0.611558
0.611794
0.612021
0.6121805
0.612288
0.612344
0.612347
0.612321
0.612306
0.6122615
0.612202
0.6121365
0.612096
0.612139
0.61217
0.61218
0.6122365
0.612316
0.6123905
0.6124645
0.6125995
0.612746
0.612967
0.613084
0.613137
0.613171
0.6132155
0.6132715
0.6133115
0.613305
0.613316
0.613354
0.6133265
0.613246
0.61312
0.612937
0.6127405
0.612559
0.612379
0.612162
0.6119715
0.6117805
0.611638
0.6114765
0.6113295
0.611189
0.6110935
0.611056
0.6109595
0.6107955
0.6105995
0.6104315
0.6102125
0.6100465
0.60988
0.6097485
0.609682
0.60962
0.609605
0.609678
0.609786
0.609947
0.6101385
0.610336
0.6105755
0.6108025
0.610981
0.611105
0.6112505
0.611371
0.6114895
0.611673
0.611873
0.6120615
0.612221
0.612361
0.612394
0.6123655
0.6122525
0.6121265
0.6119845
0.611865
0.611754
0.611666
0.611591
0.61157
0.611591
0.611649
0.611716
0.6117415
0.6117255
0.6117105
0.611669
0.6116175
0.6115825
0.611544
0.611443
0.611319
0.611242
0.6112165
0.6111645
0.6110915
0.6110345
0.611047
0.611074
0.6111115
0.611175
0.6112655
0.6113485
0.6114355
0.6114795
0.61153
0.611569
0.611594
0.611533
0.6114515
0.6114115
0.611436
0.61149
0.6115355
0.611601
0.6116745
0.611745
0.611814
0.6118755
0.6119525
0.612007
0.6120515
0.6121425
0.6122605
0.6124255
0.612642
0.612837
0.613064
0.6132815
0.613517
0.613706
0.613907
0.61407
0.6141975
0.6143085
0.6143855
0.6144215
