0.21179338
0.19128527633333334
0.171613267
0.153247358
0.13659108233333334
0.12190681233333334
0.109299228
0.09870599633333334
0.089916952
0.08264362966666666
0.07659506066666667
0.071535305
0.06728833
0.063712086
0.06068743433333333
0.058114244333333336
0.05591738366666667
0.05403755
0.05243480833333333
0.05108078233333333
0.049950679666666664
0.049017168666666666
0.048253463
0.04763564233333333
0.04714196833333333
0.046754550666666665
0.04645781833333333
0.04624041366666667
0.04608878833333333
0.04598651866666666
0.045920824
0.04588020533333333
0.04585689
0.045843663
0.04583593366666667
0.045829551333333336
0.045822479666666666
0.045812631
0.04579927733333333
0.04578135466666667
0.04575741
0.04572485766666667
0.045684872333333335
0.04564065566666667
0.045591472333333334
0.045539958
0.045484998666666665
0.04542918666666667
0.045373004333333335
0.04531812166666667
0.045264951666666664
0.045215028666666664
0.045168373
0.045126218333333336
0.045087641
0.04505414533333333
0.04502436233333333
0.04499690133333333
0.044973724
0.04495520433333333
0.044940782
0.044929992333333335
0.044922019
0.044915866
0.044911387
0.044908102666666665
0.044903352
0.044896612333333336
0.04488876666666667
0.044881116
0.04487362366666667
0.044867670666666665
0.044864787
0.04486635666666667
0.044871693
0.044883176
0.044897398666666664
0.044912449
0.04492762333333333
0.044941570666666666
0.04494963933333333
0.04495243433333333
0.044952153333333335
0.044952315
0.04495581333333333
0.04496166333333333
0.044970295333333334
0.044977625
0.04498322266666667
0.044986118
0.04498790566666667
0.044989858333333334
0.044991901
0.044994218333333336
0.045000066666666665
0.045006729333333335
0.04501260433333333
0.04501821933333333
0.045021993
0.045024097666666665
0.045025076
0.04502482766666667
0.04502333866666667
0.04502116166666666
0.04501756866666667
0.045012217
0.04500705633333334
0.045003047
0.044999183
0.04499496966666667
0.044991212333333336
0.044987540666666666
0.044984055
0.044980372
0.04497498233333334
0.04496767866666666
0.044961052
0.044955053333333335
0.044947105
0.044938031333333336
0.044925434666666667
0.04491183433333333
0.04489740466666667
0.04488392433333333
0.044872147
0.044861462666666664
0.04485072366666667
0.04483877533333333
0.04482916533333333
0.04482095566666667
0.044814768
0.04481195466666667
0.04481291033333333
0.044817935
0.04482541
0.04483452633333333
0.04484584866666667
0.044858336
0.044872159333333335
0.044888325
0.044906222
0.044924555
0.04494078666666667
0.04495705333333333
0.04497350533333333
0.044986822
0.044997568
0.04500804666666667
0.045018768333333334
0.04502870766666667
0.04503748
0.04504448266666667
0.045052586666666665
0.045060997666666665
0.04506944
0.04507677733333333
0.04508026366666667
0.045079996
0.045075566666666664
0.04506854766666667
0.045059765
0.045049323
0.045037562
0.04502450833333333
0.04501022166666667
0.04499239966666667
0.04497542833333333
0.044957899
0.044942284666666665
0.04493010866666667
0.044919499
0.04491224866666667
0.044906855
0.044902686
0.04489952466666667
0.044896523333333334
0.044894345
0.044894832333333336
0.04489727266666667
0.04490243133333333
0.044911481333333336
0.04492217833333333
0.044933773333333336
0.044944220666666666
0.044951423666666664
0.044957133333333336
0.04496099866666667
0.04496237333333333
0.04496109533333333
0.044956272
0.044949979333333334
0.044943246666666666
0.044935169
0.04492558233333333
0.04491609033333333
0.044905184
0.044894874333333334
0.04488440866666667
0.04487268466666667
0.04486174766666667
0.044852993
0.04484638466666667
0.04484075866666667
0.044838047
0.044836257666666664
0.04483472433333333
0.04483582766666667
0.044837836
0.044839486
0.044840800666666666
0.044840879
0.044840581
0.044839553
0.044839229333333334
0.04483921766666667
0.044839577
0.04484142966666667
0.04484481866666667
0.044849396666666666
0.044855372
0.044861717
0.044866266333333335
0.044871356
0.04487663433333333
0.04488129
0.04488220766666667
0.04488211
0.04487659333333333
0.044866494
0.044850857
0.04483234
0.04481266466666667
0.044795404
0.04478403733333333
0.044778269
0.044779704
0.044786446333333334
0.04479697966666667
0.044809444
0.044823852666666664
0.04483798566666667
0.044849211
0.04485914966666667
0.044869813
0.044881887333333335
0.04489455566666667
0.044907554333333335
0.04491783
0.04492937633333333
0.04494161133333333
0.044955331
0.0449712
0.044988884666666666
0.04500646133333333
0.045024307
0.045039281
0.04505240333333333
0.045062405666666666
0.04506951433333333
0.045073026
0.04507393866666667
0.045070470333333335
0.045064519666666664
0.045057647
0.045050921
0.04504748333333333
0.045045841
0.045045171333333335
0.045042774
0.045040108333333335
0.04503572233333333
0.04503089166666667
0.045025659
0.04502047966666667
0.0450142
0.045006574
0.044997497
0.04498858033333333
0.044980353333333334
0.04497312333333333
0.044965457
0.044958726
0.04495247166666667
0.044947311
0.044943924333333336
0.044940165
0.044936098
0.04493215666666667
0.04492843033333333
0.04492388766666667
0.04491900333333333
0.044915586333333334
0.04491405166666667
0.044911835
0.044909472666666665
0.044906491
0.044902459666666665
0.04489709433333333
0.044890119666666665
0.044880548
0.04486956166666667
0.044856389
0.04484326466666667
0.04483190866666667
0.04482194933333333
0.044814023
0.04480856133333333
0.04480492033333333
0.04480475666666667
0.04480818166666667
0.044813210666666665
0.044820600333333335
0.04482626666666667
0.044831002
0.044833175333333336
0.04483124433333333
0.044824159333333335
0.04481488166666667
0.04480537466666667
0.04480001066666667
0.04479990166666667
0.044804067333333336
0.044809778333333335
0.044814406333333334
0.044818365
0.04482129133333333
0.044822590333333336
0.04482146233333333
0.044819421
0.04481880433333333
0.044819766
0.044820182666666666
0.044819831666666664
0.044818556333333336
0.044816255
0.044811280333333335
0.044804466333333334
0.044794420333333335
0.044782932666666664
0.04477258533333334
0.04476621133333333
0.044763947
0.04476522066666667
0.04476855133333333
0.044773134
0.04477974866666667
0.04478722933333333
0.04479492733333333
0.044804960666666664
0.044815451
0.04482389966666667
0.04483063166666667
0.04483466
0.044838045666666666
0.044842108666666665
0.04484512733333333
0.044846789
0.044846803666666664
0.044845534666666666
0.044845327666666664
0.04484571133333334
0.044846261666666665
0.044849069666666665
0.044852437
0.04485417233333333
0.04485521866666667
0.044855603
0.04485370933333333
0.044850924
0.044849075
0.044847184666666665
0.044845562
0.04484404966666666
0.044843468
0.04484332233333333
0.044844298666666664
0.04484521466666667
0.04484647133333333
0.04484693866666667
0.044848614333333335
0.04485042433333333
0.044854720333333334
0.044861072
0.044868595
0.044875289
0.04488173433333333
0.044888152
0.04489402633333334
0.04490182933333333
0.04491108666666667
0.044919519666666664
0.04492477366666667
0.044925432333333334
0.04492316
0.04491922166666667
0.044915255
0.044913238
0.044912731
0.04491358733333333
0.044914571
0.044915136333333334
0.044915333
0.04491619966666666
0.04491803466666667
0.044919817333333334
0.044920705
0.04491991
0.044919621666666666
0.04491981466666667
0.044920682
0.044920590333333336
0.044918913
0.04491546566666667
0.04490747933333333
0.044895182
0.04488003966666667
0.044866187
0.04485186333333333
0.04483733066666667
0.044824057
0.044812912
0.044804190333333334
0.044798715
0.04479671833333333
0.04479961566666667
0.044807193
0.044817009
0.04482862533333333
0.04484058566666667
0.044852483666666665
0.044864341
0.044876660666666665
0.044889819
0.04490302266666667
0.044914057
0.044923342
0.044930270333333334
0.04493565
0.04493826533333333
0.04493963433333333
0.04494158733333333
0.04494533466666667
0.044951032333333335
0.044957497666666665
0.044964473
0.04497361366666667
0.044984193
0.04499775
0.045011297666666665
0.04502349
0.045031275
0.045035182
0.04503729066666667
0.045037415
0.045032825666666665
0.045023188
0.045009264
0.044991307333333334
0.044970898
0.04495071866666667
0.04493480266666667
0.044921790333333336
0.044910558333333336
0.04490099166666667
0.044892358
0.04488564833333333
0.04487928
0.044873064666666664
0.044866607333333336
0.04486030466666667
0.044855834666666664
0.04485412666666667
0.044853545
0.04485521766666667
0.044859265333333335
0.04486323166666667
0.044868511666666666
0.044872897333333335
0.044874098333333334
0.044872019
0.044866607333333336
0.04485816333333333
0.04484647866666667
0.044832996
0.04481830466666667
0.044803067333333335
0.04478812333333333
0.044771846
0.04475501933333333
0.044739462
0.04472398633333333
0.044709205333333335
0.044697057666666665
0.04468927466666667
0.044685916
0.044685582333333335
0.044686765
0.044688980333333336
0.044692075666666664
0.044694527
