0.020265583110816793
0.02019915506551595
0.019801147854211318
0.019382869515074126
0.018942336766929285
0.018455821359614655
0.017926894965053362
0.017399657882946583
0.016890464925563932
0.016414588309016473
0.01598123770571606
0.015585264439021867
0.015228369649872146
0.014899739366866376
0.014575248429399425
0.01427173396485881
0.01400699814995181
0.013741673201168024
0.01346559584594013
0.013215625264957868
0.01300241791533395
0.012817276220518783
0.012620727583920154
0.012406227677920443
0.012207206120499846
0.012043346691659533
0.011905218274740965
0.011777822941824797
0.011657116243530174
0.011559267101715344
0.011466606247929004
0.011369632214131776
0.011280670649634434
0.011216488098240702
0.011177905750688725
0.01115112335049882
0.011128469919902718
0.011102967438214775
0.011074726780363111
0.0110457579932767
0.011006281009113638
0.010949158342309709
0.010883258127060634
0.01081769115119102
0.01076216081873531
0.01075182940651882
0.01077546518430965
0.010782640214248011
0.010790880698762056
0.01082338839579184
0.010848005261270362
0.010850667051287038
0.010858882878260449
0.010879685289116314
0.010903853020091243
0.01091192009798631
0.010904275596124223
0.010918883460627582
0.010951038242798887
0.010988328490998775
0.011021907091093687
0.011063708762719435
0.011105438013818811
0.011145069780178296
0.011174340153454242
0.011184187541435752
0.011197771243499117
0.011221397304957187
0.011241267739616603
0.011256066888989127
0.011271014317807467
0.011305101758703926
0.011332498845440957
0.011334872184199948
0.011324163269441984
0.011320872210500864
0.011324924666614259
0.01133596269353631
0.011357149035736359
0.011373152861508922
0.01138079436216475
0.01137047146141056
0.011335486157119871
0.011273396870551042
0.011203177975203616
0.011160631565225365
0.011121023177805356
0.011059085975887065
0.011000073538334865
0.010960009122535216
0.010947131074208015
0.010949075789551663
0.010932737618090419
0.010913281160174043
0.010905062921577616
0.010912487793911099
0.010933266866672068
0.010971996008470687
0.01101349331720469
0.011037281314361607
0.011062611002143079
0.011091103048295154
0.011114738023276593
0.011127512278910843
0.011131556363088872
0.01113399461930318
0.011143544694493147
0.011165866599914141
0.011195376523121355
0.011243790848936983
0.011297533415500386
0.011328119819964901
0.011340412697456906
0.011339380734012564
0.011309942224557572
0.011276317609254424
0.011254593527150235
0.011242143901552145
0.011241356205417939
0.011255640005382681
0.011289388429793091
0.011299962945186977
0.011279829462822811
0.01127028427332858
0.011258672711779473
0.011241826318344991
0.01123315740353149
0.011219639487072013
0.011224900459335739
0.011245977380366414
0.011261881729464284
0.011285298706578694
0.011313816157630894
0.011344125377681294
0.011377420587788676
0.011388091518780856
0.01138651510985037
0.011379182799393497
0.011358317239569099
0.011347597869889522
0.011340248863402538
0.011311879889425008
0.01128798836343619
0.011283880812951003
0.011295676328914175
0.011298049050522608
0.011286128327258947
0.011281865648709486
0.011276815174811902
0.011271881311161622
0.011262318658280772
0.011248369079430253
0.011241473347685908
0.011235517225777671
0.01121662483563845
0.011188966249703714
0.01114101707203202
0.011078296404160708
0.011039504245698464
0.011024030136151596
0.01101033913793286
0.01099992263151257
0.011006827382204064
0.01101628923738833
0.011025930170284791
0.011025513932251787
0.011022424370300725
0.011035382533667957
0.011058234545619518
0.011097058148028024
0.011141570244772487
0.011160509681486228
0.011175655288136462
0.01119535951301288
0.011192526413381565
0.011191007789981567
0.01119782139423995
0.011215694889174382
0.011264288250810972
0.011304282959899268
0.01130560210562013
0.01127709751282303
0.01124456332017037
0.011218514336659222
0.011200244743745645
0.0111899458442102
0.011185430777941256
0.01118156429766009
0.01117230752913036
0.011171087649678984
0.011164799966360512
0.011161629298482677
0.011173612565138715
0.011196854621957875
0.011221172487877263
0.011245750294472917
0.011274472477775941
0.011292948335702796
0.011306316076353037
0.011322728943875773
0.011348333171223813
0.011378879027032707
0.011385608574227058
0.01137427609130643
0.011364505296987688
0.011369581771788888
0.01136865247103755
0.011364390892711067
0.01136367915623128
0.011366970289495659
0.011385985365856919
0.011419943721593306
0.011449981955790734
0.011494070655347494
0.011555292326128232
0.011608375201651077
0.011653920407793776
0.011693236804473846
0.011711314215011422
0.011695415880480745
0.011670051029219926
0.011652126980208984
0.011638933309182852
0.011630884828655406
0.011621835382745575
0.011617580091197902
0.011628650028147818
0.011659395342518655
0.011693759273623622
0.01171106163440803
0.011710132200204108
0.011712593757937845
0.011738143484130102
0.011771740372405044
0.011789184613208615
0.011795097697617763
0.01179293589673447
0.011772006489718555
0.011760909618832895
0.01175178394450801
0.011732031662076831
0.011700291639867376
0.011655663245599818
0.011590323347106652
0.011526219137534521
0.011480481617125705
0.011451751436384518
0.011425908018762733
0.011390682124268773
0.011353962300535177
0.011321470212482473
0.011299393982878297
0.011285356101417248
0.01126745330782974
0.011242029371378937
0.011218464308235553
0.011200393926756976
0.011206470603759485
0.011228807319164615
0.011244860011790479
0.011260198160161425
0.011272773931467134
0.011283214997119028
0.011281696507572547
0.011264573148440723
0.011266507716800671
0.01129278886106552
0.011322211398367057
0.011326026478639594
0.01129904645897343
0.011281126884447662
0.011269467213790725
0.011262346861458864
0.01124816147941249
0.011229332684926891
0.011215755169319773
0.011199494331277019
0.011192241163869483
0.011210083990207662
0.011240553518985605
0.01127859911457804
0.011312997694311657
0.011328219694084738
0.011340160119362725
0.011345767687696254
0.011331593314088157
0.011327732815733441
0.011333482779973711
0.011343477421601291
0.011370376693289426
0.01139388298144505
0.011394911817265504
0.011397065172338468
0.011408917677814276
0.011420941043163699
0.011434155611850207
0.011439212307891312
0.01145638017764647
0.01147847046170443
0.011489232220825627
0.011491384460216232
0.011471003128077872
0.011422314763483401
0.01136802482081811
0.011319131600485427
0.011277368319865448
0.011244816252640703
0.011207235424966468
0.011191612153040173
0.011209779974900084
0.01122706961755687
0.011234371546296393
0.011236701373043766
0.011242788606758916
0.01126067328283326
0.01128256152324157
0.011308620681358876
0.011329177854929505
0.011334637352728933
0.01132524117538066
0.011314575114877065
0.011328525047539196
0.011355376088862971
0.01138183065905171
0.011412069980395014
0.011428254392620943
0.011438127511722795
0.011452155228731069
0.011457588836469905
0.011452338944310199
0.011456469135466699
0.01146857184920499
0.011464288813341866
0.011436617418109269
0.011391085378773277
0.01134635355425422
0.011326969352064807
0.01131871832177967
0.011316136842575823
0.011322953083823726
0.011335695145208057
0.011332057954542427
0.011311843238765955
0.011295876891953495
0.011295081651340123
0.011297426024711026
0.011301154578347891
0.01130922485809401
0.011309711731485128
0.011306218356154689
0.011293343624754761
0.01126190593762336
0.011242679867582145
0.01124105795586088
0.011250539869802435
0.011251615737578862
0.01124121205868059
0.01122746571592105
0.01120660087618201
0.011200952428859247
0.011203216924977347
0.011206470145547162
0.011200443337233527
0.011195578025070008
0.011220652476656153
0.011257964586782134
0.011293888273971247
0.011336781236937946
0.01136695457698437
0.011381833590038798
0.011383624240012056
0.011381220041775242
0.011379168445459865
0.011378748611085059
0.01139321824868447
0.01142191715073296
0.011443860754312663
0.011447126730985017
0.01143199334011221
0.011414809623725748
0.01141858635253722
0.011421589322543
0.0114145269425146
0.011423061613918291
0.011440432972264308
0.01145463659042282
0.011450400280472194
0.011436522383467568
0.011428225771721926
0.01142438050213222
0.011419602721208252
0.011410295785383445
0.011406364880064962
0.011404264511490346
0.011396840838961208
0.011397497990901602
0.01141624765148982
0.011423035746386293
0.011392732469798408
0.011352558941455489
0.011315002396269506
0.011289783658726517
0.011265586235896866
0.011220392325305768
0.011200485251399129
0.011209193596888508
0.011216663678300879
0.011214112333277109
0.011204842577433486
0.011205009900261138
0.011187671335285474
0.011154996899489619
0.011137941995772309
0.01112480341508429
0.01111573636730856
0.011125753836136664
0.011139075879169019
0.011162230318790359
0.01120283160111936
0.011235860058851275
0.011236618118350073
0.011204744666463942
0.011196878811805078
0.011210880474014001
0.011219007671227708
0.0112343748843745
0.011244949036801365
0.011250435750920267
0.011256874428559098
0.011258426538892728
0.011262548521425698
0.011284314836301513
0.011316991370697646
0.011342884946802896
0.011341989482149423
0.01133761721924834
0.01133072032845853
0.011319919096420454
0.011328870789977375
0.011352522411916493
0.011385732670806408
0.011418486290866064
0.011438915073901903
0.01146179263974532
0.011495100471194383
0.011529137122251083
0.011540653916754288
0.011536643915452746
0.011541712201281534
0.011553382416048157
0.011546219500256801
0.011523037390781593
0.011516437573126733
0.011541729996771563
0.01158548159662482
0.011638296369814153
0.011668621522020164
0.011695564085449065
0.011741924956979477
0.011781113838208308
0.011785495827442873
0.011766742780077668
0.0117408650530927
0.01171773813636829
0.01170095007586271
0.011685808018380648
0.011656792783800789
0.011619994383563042
0.011594356951759192
0.011593702249778653
0.011595521492097348
0.011569059430016994
0.011536632270219721
0.011500198716757361
0.011458956874515402
0.01143866357206021
0.01143316173772194
0.011428723884461721
0.011423318805440336
0.011418583925010491
0.011416050884341852
0.011405412966362874
0.011392979878576334
0.011388361253516738
0.011383984582617366
0.011406137402218098
0.011436442520278187
0.011432736477086375
0.011424061455465097
0.011421363375605792
0.01140348310441908
0.01139364124147277
0.0113899857560188
0.011380956389224775
0.01138864492491415
0.011416260267937847
0.011436232028569101
0.011445916335965813
0.011453957198479038
0.011450300992768295
