0.273612
0.260372
0.247354
0.2346985
0.2225
0.2108545
0.199873
0.1895865
0.179969
0.170978
0.162548
0.154638
0.147203
0.1401835
0.133544
0.127285
0.1213485
0.1157095
0.110358
0.1052975
0.1005
0.0959495
0.091615
0.0875185
0.0836465
0.079979
0.0764915
0.0731695
0.0699995
0.066976
0.0640925
0.0613565
0.058736
0.0562315
0.0538375
0.051554
0.0493675
0.047279
0.045283
0.043363
0.041519
0.039757
0.038074
0.036468
0.034945
0.0334905
0.0321065
0.0307755
0.0295005
0.028282
0.027126
0.0260175
0.0249565
0.0239395
0.0229675
0.0220325
0.0211375
0.02027
0.019444
0.0186515
0.017889
0.01716
0.0164555
0.0157735
0.015108
0.014462
0.0138395
0.013239
0.012656
0.0120925
0.011554
0.01104
0.0105455
0.0100685
0.009611
0.0091645
0.0087395
0.008336
0.007945
0.0075715
0.007215
0.00688
0.0065595
0.0062485
0.0059525
0.005671
0.005407
0.005152
0.004907
0.004674
0.004451
0.004238
0.004034
0.003839
0.003656
0.003482
0.0033165
0.003161
0.0030145
0.002879
0.0027505
0.002631
0.002517
0.0024075
0.0023055
0.002213
0.002126
0.002044
0.0019645
0.001887
0.0018115
0.0017375
0.0016675
0.001602
0.00154
0.001483
0.0014315
0.001382
0.0013355
0.001291
0.001248
0.0012075
0.0011685
0.0011335
0.001101
0.0010705
0.001042
0.001015
0.000988
0.0009625
0.0009375
0.0009135
0.00089
0.0008665
0.0008435
0.000821
0.000799
0.0007775
0.0007565
0.000736
0.0007155
0.0006955
0.0006755
0.0006555
0.000636
0.0006165
0.000597
0.0005775
0.0005585
0.0005395
0.0005205
0.0005015
0.000483
0.0004645
0.000446
0.000428
0.00041
0.000392
0.000376
0.000362
0.0003495
0.000337
0.000325
0.0003135
0.0003025
0.0002925
0.0002835
0.0002765
0.0002695
0.0002625
0.0002555
0.0002485
0.0002415
0.0002345
0.000228
0.0002215
0.000215
0.0002085
0.000202
0.000196
0.00019
0.000184
0.0001785
0.000173
0.0001675
0.000162
0.0001565
0.000151
0.0001455
0.00014
0.0001345
0.000129
0.0001235
0.000118
0.0001125
0.0001075
0.000103
9.85e-5
9.4e-5
8.95e-5
8.5e-5
8.05e-5
7.6e-5
7.15e-5
6.7e-5
6.25e-5
5.8e-5
5.35e-5
4.9e-5
4.45e-5
4.0e-5
3.55e-5
3.1e-5
2.75e-5
2.4e-5
2.1e-5
1.8e-5
1.5e-5
1.2e-5
9.5e-6
7.0e-6
4.5e-6
2.5e-6
1.0e-6
0.0
0.0
0.0
0.0
0.0
0.0
0.0
0.0
0.0
0.0
0.0
0.0
0.0
0.0
0.0
0.0
0.0
0.0
0.0
0.0
0.0
0.0
0.0
0.0
0.0
0.0
0.0
0.0
0.0
0.0
0.0
0.0
0.0
0.0
0.0
0.0
0.0
0.0
0.0
0.0
0.0
0.0
0.0
0.0
0.0
0.0
0.0
0.0
0.0
0.0
0.0
0.0
0.0
0.0
0.0
0.0
0.0
0.0
0.0
0.0
0.0
0.0
0.0
0.0
0.0
0.0
0.0
0.0
0.0
0.0
0.0
0.0
0.0
0.0
0.0
0.0
0.0
0.0
0.0
0.0
0.0
0.0
0.0
0.0
0.0
0.0
0.0
0.0
0.0
0.0
0.0
0.0
0.0
0.0
0.0
0.0
0.0
0.0
0.0
0.0
0.0
0.0
0.0
0.0
0.0
0.0
0.0
0.0
0.0
0.0
0.0
0.0
0.0
0.0
0.0
0.0
0.0
0.0
0.0
0.0
0.0
0.0
0.0
0.0
0.0
0.0
0.0
0.0
0.0
0.0
0.0
0.0
0.0
0.0
0.0
0.0
0.0
0.0
0.0
0.0
0.0
0.0
0.0
0.0
0.0
0.0
0.0
0.0
0.0
0.0
0.0
0.0
0.0
0.0
0.0
0.0
0.0
0.0
0.0
0.0
0.0
0.0
0.0
0.0
0.0
0.0
0.0
0.0
0.0
0.0
0.0
0.0
0.0
0.0
0.0
0.0
0.0
0.0
0.0
0.0
0.0
0.0
0.0
0.0
0.0
0.0
0.0
0.0
0.0
0.0
0.0
0.0
0.0
0.0
0.0
0.0
0.0
0.0
0.0
0.0
0.0
0.0
0.0
0.0
0.0
0.0
0.0
0.0
0.0
0.0
0.0
0.0
0.0
0.0
0.0
0.0
0.0
0.0
0.0
0.0
0.0
0.0
0.0
0.0
0.0
0.0
0.0
0.0
0.0
0.0
0.0
0.0
0.0
0.0
0.0
0.0
0.0
0.0
0.0
0.0
0.0
0.0
0.0
0.0
0.0
0.0
0.0
0.0
0.0
0.0
0.0
0.0
0.0
0.0
0.0
0.0
0.0
0.0
0.0
0.0
0.0
0.0
0.0
0.0
0.0
0.0
0.0
0.0
0.0
0.0
0.0
0.0
0.0
0.0
0.0
0.0
