0.273612
0.260372
0.247435
0.2349715
0.2231265
0.2120045
0.201744
0.19238
0.1838615
0.1760795
0.1689545
0.162417
0.1564075
0.1508345
0.1456125
0.1407535
0.13619
0.1318785
0.1277965
0.123982
0.1204015
0.117046
0.1138675
0.1109045
0.108141
0.105579
0.1031965
0.1009805
0.098922
0.0970095
0.095214
0.0935035
0.0918455
0.090281
0.088817
0.0874455
0.0861735
0.084975
0.0838415
0.082766
0.08176
0.080831
0.0799645
0.079147
0.078399
0.077705
0.0770395
0.0763895
0.075779
0.075199
0.074649
0.0741385
0.0736665
0.073229
0.0728165
0.072428
0.072134
0.071887
0.0717215
0.071574
0.0714725
0.071371
0.071311
0.0713235
0.071402
0.071563
0.0717715
0.0719655
0.072137
0.072271
0.072414
0.0724995
0.0725755
0.0726345
0.072654
0.07262
0.072586
0.072557
0.0725405
0.0725065
0.072504
0.0725355
0.0726025
0.072661
0.072681
0.072639
0.0726175
0.072596
0.0725635
0.0725535
0.0725655
0.0726395
0.0727375
0.07287
0.0730115
0.073143
0.0732585
0.073353
0.073434
0.073497
0.073547
0.073541
0.073581
0.0736275
0.0737085
0.073794
0.0738615
0.0739105
0.073969
0.0740355
0.0740975
0.074158
0.0742155
0.0742355
0.074239
0.074263
0.074284
0.074332
0.0743705
0.0744
0.0744025
0.0744095
0.074435
0.0745105
0.0745895
0.0746795
0.0747895
0.074913
0.075045
0.0751565
0.07522
0.0753025
0.0753585
0.0753795
0.075395
0.0753905
0.0753905
0.07537
0.075327
0.07527
0.0752535
0.0752245
0.0751675
0.0750945
0.0749845
0.0748445
0.0746995
0.0745385
0.074376
0.0742075
0.0740505
0.073864
0.07373
0.073618
0.073497
0.0733875
0.073292
0.073165
0.073038
0.072911
0.0728165
0.0727325
0.072661
0.072588
0.0725095
0.0724195
0.072322
0.0721795
0.0720955
0.0720395
0.0720185
0.072091
0.0721775
0.0722615
0.0723185
0.072364
0.0724185
0.0724555
0.072514
0.0725925
0.0726835
0.072779
0.0728905
0.0730435
0.073222
0.0733525
0.073475
0.073567
0.073638
0.073736
0.073873
0.0740355
0.0742295
0.074477
0.074743
0.075032
0.075327
0.0755975
0.075845
0.076083
0.0763225
0.0765855
0.0768375
0.077047
0.0771795
0.0773145
0.07744
0.0775405
0.0775965
0.077618
0.0776465
0.077658
0.0776895
0.0777495
0.077848
0.077969
0.078116
0.078324
0.078573
0.0787925
0.078951
0.0790715
0.079165
0.079216
0.079278
0.079363
0.0794595
0.079568
0.079654
0.0796975
0.079734
0.07975
0.079731
0.079696
0.07967
0.0795925
0.079498
0.07945
0.0794
0.0793525
0.079323
0.0792455
0.0791115
0.07897
0.078864
0.0787795
0.0787065
0.0786445
0.07857
0.078469
0.078372
0.0782485
0.078112
0.077971
0.0778565
0.077733
0.0776365
0.077523
0.0774305
0.0773765
0.07734
0.0773725
0.0774485
0.0775605
0.07773
0.0778875
0.078073
0.0782695
0.078423
0.07856
0.078651
0.0787585
0.078853
0.0789335
0.0789775
0.0789625
0.0789155
0.0788285
0.0787095
0.0785875
0.0784885
0.0783795
0.0782705
0.078208
0.078184
0.07817
0.0781305
0.078098
0.078073
0.078035
0.0779655
0.0779
0.0778535
0.0777645
0.0776485
0.077542
0.0774235
0.077314
0.07717
0.077034
0.0769605
0.0769355
0.0769325
0.07693
0.076875
0.076813
0.0767015
0.076562
0.076408
0.0762455
0.0761135
0.07604
0.076032
0.076047
0.0761065
0.0761715
0.07619
0.07619
0.076171
0.0761205
0.0761065
0.0760835
0.076073
0.076077
0.076094
0.0761005
0.07613
0.0761305
0.0761095
0.076091
0.076056
0.0760275
0.075966
0.07587
0.075795
0.0756935
0.0755505
0.0754
0.0752215
0.075033
0.074845
0.0746765
0.0745465
0.074463
0.074393
0.0743675
0.0743635
0.0743745
0.074413
0.074494
0.0745555
0.074612
0.0746835
0.074712
0.0747825
0.0748665
0.074944
0.075019
0.0750855
0.0751475
0.0752175
0.0753385
0.0754645
0.0755905
0.075698
0.075777
0.07586
0.075899
0.075938
0.075954
0.075902
0.075866
0.075794
0.075712
0.075653
0.075587
0.07551
0.0754355
0.075376
0.0753335
0.075279
0.075202
0.075174
0.0751855
0.075174
0.075136
0.0750815
0.075052
0.075033
0.0750415
0.0750765
0.075138
0.0752
0.0752825
0.075376
0.075457
0.0755125
0.0755695
0.075628
0.0756875
0.075734
0.075726
0.0756705
0.075549
0.0753475
0.0751425
0.0749455
0.0747595
0.0746315
0.074552
0.0745185
0.0745115
0.0745055
0.07453
0.0745885
0.0746775
0.074795
0.0749515
0.0751335
0.0753555
0.0755995
0.0758225
0.0760285
0.0762245
0.076448
0.076646
0.076833
0.076973
0.077074
0.077148
0.077191
0.0772435
0.077259
0.0772325
0.0771515
0.077027
0.0768845
0.0767195
0.0765735
0.076514
0.076506
0.076572
0.0766575
0.0767485
0.0768685
0.0769635
0.077032
0.077085
0.077085
0.0770155
0.07699
0.0769255
0.0768335
0.0766555
0.0764395
0.0761945
0.0759665
0.075762
0.075574
0.0754535
0.07534
0.075222
0.0750995
0.0749945
0.074858
0.0747375
0.0746155
0.0745115
0.074403
0.074323
0.074263
0.0741945
0.074138
0.074116
0.0741375
0.0741955
0.0742795
0.0743895
0.0745025
0.0746165
0.0747005
0.0748045
0.0749145
0.075028
0.075138
0.075239
0.0753525
0.075505
0.0756815
0.0758735
0.076082
0.07633
0.0766055
0.0768595
0.07713
0.077383
0.0776235
0.0778155
0.077961
0.0780335
