0.726388
0.713148
0.700211
0.687745
0.675891
0.664747
0.6544445
0.645022
0.636428
0.6285605
0.621347
0.614714
0.608601
0.602916
0.59757
0.5925865
0.5879035
0.58348
0.579291
0.5753695
0.57168
0.5682165
0.5649295
0.5618625
0.559003
0.556342
0.55386
0.5515295
0.5493475
0.5472915
0.5453555
0.543512
0.5417335
0.5400535
0.538483
0.5370075
0.5356275
0.534327
0.53309
0.5319215
0.5308305
0.5298175
0.5288665
0.527969
0.527137
0.5263695
0.525642
0.524942
0.524287
0.523666
0.523069
0.5225065
0.5219805
0.5214815
0.5210165
0.5205845
0.520249
0.519962
0.519766
0.519597
0.519471
0.5193425
0.519252
0.5192345
0.519275
0.5193905
0.5195515
0.5196975
0.51982
0.5199095
0.5200125
0.520063
0.520106
0.520126
0.5201165
0.520064
0.5200165
0.519979
0.519957
0.5199125
0.5199015
0.5199295
0.5199915
0.5200445
0.5200575
0.520013
0.5199945
0.5199915
0.519987
0.520007
0.520041
0.5201305
0.52024
0.5203825
0.5205285
0.520656
0.5207715
0.520869
0.5209585
0.5210385
0.5211065
0.521118
0.5211685
0.52122
0.521303
0.521392
0.521468
0.52153
0.5216035
0.5216815
0.5217485
0.521815
0.521882
0.5219035
0.521908
0.5219405
0.5219765
0.5220385
0.5220935
0.5221495
0.522182
0.522228
0.522298
0.522418
0.522539
0.522677
0.522823
0.5229815
0.5231415
0.5232765
0.5233565
0.523452
0.523513
0.523536
0.5235425
0.5235245
0.523516
0.523477
0.523401
0.5233005
0.5232385
0.523165
0.5230615
0.522948
0.5227975
0.5226285
0.522463
0.522291
0.522121
0.5219515
0.521802
0.5216295
0.521497
0.5213855
0.521268
0.5211615
0.5210675
0.5209445
0.5208165
0.520694
0.520607
0.5205355
0.5204715
0.520409
0.5203465
0.520279
0.520213
0.520102
0.5200475
0.520023
0.520032
0.5201265
0.520226
0.520313
0.520363
0.520392
0.520427
0.5204425
0.520477
0.520529
0.520587
0.520645
0.5207235
0.5208385
0.52098
0.5210735
0.5211855
0.5212855
0.521371
0.5214905
0.521644
0.521815
0.5220105
0.5222515
0.5225165
0.522802
0.5230865
0.5233405
0.5235635
0.5237835
0.524003
0.524245
0.5244765
0.5246685
0.5247985
0.5249365
0.525075
0.525201
0.5252805
0.525332
0.5253965
0.525445
0.525518
0.52561
0.525746
0.525903
0.526081
0.526315
0.5265985
0.526857
0.52706
0.527223
0.5273625
0.527457
0.527559
0.5276825
0.5278255
0.527976
0.528101
0.5281825
0.528248
0.528286
0.5282855
0.528271
0.5282625
0.5282095
0.5281485
0.528133
0.5281035
0.5280635
0.528038
0.527966
0.527834
0.527695
0.5275855
0.5274975
0.527412
0.5273295
0.527232
0.5271035
0.5269815
0.5268405
0.526691
0.5265335
0.526399
0.526257
0.5261385
0.526001
0.525888
0.5258205
0.5257695
0.525784
0.5258395
0.525937
0.5260855
0.5262285
0.526393
0.5265695
0.526711
0.526839
0.526926
0.527021
0.5271025
0.5271805
0.527233
0.5272285
0.527196
0.5271235
0.5270195
0.52691
0.5268245
0.526725
0.5266175
0.5265515
0.5265105
0.5264775
0.5264105
0.52635
0.5262905
0.5262195
0.5261265
0.526039
0.525975
0.5258845
0.5257745
0.5256825
0.5255835
0.525501
0.5253935
0.5253005
0.52526
0.5252635
0.52529
0.525318
0.525291
0.5252595
0.5251765
0.52506
0.5249265
0.524787
0.524682
0.524636
0.5246515
0.5246895
0.524761
0.5248295
0.524847
0.5248345
0.5247865
0.5247045
0.5246495
0.5245845
0.524536
0.524508
0.5244915
0.5244645
0.524449
0.5244085
0.5243485
0.524293
0.524215
0.5241425
0.524043
0.5239125
0.523807
0.523671
0.523502
0.5233275
0.5231195
0.5229065
0.5226945
0.5225125
0.522376
0.522295
0.5222205
0.522183
0.5221735
0.522188
0.5222435
0.52234
0.5224245
0.5225055
0.5226
0.522657
0.522747
0.522853
0.5229675
0.5230795
0.523179
0.5232795
0.5233835
0.5235375
0.5237015
0.5238595
0.5239985
0.5241055
0.5242155
0.524279
0.52434
0.524368
0.524324
0.524292
0.524224
0.5241475
0.52409
0.5240235
0.523942
0.5238475
0.523772
0.523718
0.5236495
0.52356
0.523519
0.5235165
0.5234915
0.523448
0.5233875
0.5233525
0.5233285
0.5233345
0.5233745
0.523439
0.5234975
0.5235715
0.523659
0.523728
0.5237755
0.523818
0.523863
0.523886
0.523891
0.523836
0.523732
0.523572
0.52333
0.5230815
0.522842
0.522616
0.522454
0.522354
0.5223155
0.5223205
0.52234
0.5223905
0.5224715
0.5225795
0.522718
0.522898
0.5231015
0.523341
0.5236085
0.5238655
0.5241035
0.52432
0.5245555
0.524761
0.5249445
0.5250785
0.5251805
0.5252565
0.5252975
0.5253455
0.5253565
0.5253245
0.5252485
0.5251295
0.5250015
0.524858
0.524742
0.524719
0.52475
0.524858
0.5249805
0.525105
0.5252615
0.5253935
0.5255015
0.525593
0.5256325
0.525607
0.525611
0.5255695
0.525498
0.5253435
0.525151
0.5249205
0.524698
0.5244875
0.5242875
0.5241405
0.5239875
0.5238215
0.5236435
0.5234745
0.5232785
0.523093
0.5229065
0.522729
0.5225575
0.52242
0.522309
0.522201
0.522111
0.5220485
0.522028
0.52204
0.522078
0.5221465
0.522219
0.5223005
0.522363
0.522457
0.522569
0.5226945
0.522823
0.522949
0.5230935
0.5232715
0.5234675
0.5236735
0.523891
0.524143
0.52442
0.52467
0.5249245
0.52516
0.5253905
0.525567
0.525707
0.525777
