0.726388
0.713148
0.699989
0.6869485
0.674079
0.6614
0.6489335
0.6367195
0.624745
0.6129865
0.601444
0.5901185
0.5790165
0.568105
0.5573675
0.5468025
0.536404
0.5261585
0.5160485
0.506089
0.496271
0.486594
0.477056
0.4676585
0.4583845
0.4492485
0.440238
0.4313555
0.4226125
0.4139915
0.4055005
0.3971375
0.388892
0.380764
0.3727665
0.3649075
0.357193
0.349603
0.342139
0.334795
0.3275765
0.3204815
0.3135055
0.306638
0.2998765
0.293225
0.286701
0.28028
0.273968
0.2677745
0.261696
0.2557405
0.249908
0.244206
0.2386195
0.2331565
0.227819
0.222593
0.217495
0.212507
0.2076435
0.2028905
0.1982725
0.19377
0.1893945
0.1851365
0.1809855
0.1769425
0.1729935
0.1691305
0.165362
0.1616765
0.1580755
0.1545625
0.1511205
0.1477475
0.14446
0.141254
0.1381255
0.135069
0.1320995
0.1292105
0.126414
0.123689
0.121023
0.118409
0.115847
0.1133455
0.1108855
0.108476
0.106117
0.1038035
0.101549
0.099346
0.09719
0.095079
0.0930195
0.0910095
0.089052
0.087144
0.0852825
0.083459
0.0816835
0.0799435
0.078238
0.0765655
0.0749235
0.0733195
0.0717495
0.0702175
0.068726
0.0672715
0.0658505
0.064458
0.063093
0.0617585
0.060455
0.059175
0.057919
0.056684
0.055471
0.054296
0.0531465
0.052028
0.050933
0.0498615
0.0488165
0.0477945
0.0467905
0.045807
0.0448395
0.0439
0.0429765
0.042074
0.0411845
0.0403165
0.039463
0.0386215
0.0377965
0.036985
0.036189
0.035407
0.034647
0.033907
0.033182
0.0324765
0.0317825
0.031104
0.0304425
0.029795
0.0291645
0.028549
0.027942
0.0273485
0.026771
0.026203
0.0256465
0.025096
0.02455
0.0240105
0.0234785
0.0229565
0.022444
0.021941
0.0214495
0.020973
0.020504
0.020041
0.019589
0.0191455
0.018717
0.0183005
0.0178955
0.017502
0.017117
0.016739
0.016369
0.0160035
0.015644
0.0152915
0.014946
0.014604
0.01427
0.0139415
0.01362
0.013301
0.012989
0.012684
0.0123855
0.0120905
0.0118015
0.011519
0.0112425
0.010971
0.0107075
0.010451
0.0102035
0.009959
0.009719
0.009484
0.0092535
0.0090295
0.0088105
0.0085985
0.0083965
0.0082015
0.008014
0.0078305
0.0076515
0.007478
0.0073095
0.0071435
0.0069795
0.006822
0.0066695
0.0065215
0.0063765
0.006234
0.0060945
0.0059555
0.0058175
0.0056815
0.005548
0.005418
0.0052915
0.0051655
0.0050415
0.00492
0.0048
0.004681
0.004564
0.00445
0.0043375
0.004226
0.004119
0.004014
0.0039135
0.0038175
0.003724
0.0036365
0.0035525
0.003471
0.00339
0.0033095
0.0032295
0.0031495
0.003071
0.002994
0.002919
0.002845
0.002773
0.0027035
0.0026375
0.002573
0.002511
0.00245
0.00239
0.002331
0.0022735
0.0022165
0.002161
0.0021065
0.0020535
0.0020025
0.0019545
0.0019075
0.001861
0.0018155
0.0017715
0.0017285
0.001686
0.0016445
0.001604
0.001565
0.001529
0.001494
0.0014595
0.0014265
0.0013935
0.0013605
0.0013275
0.0012945
0.0012615
0.0012285
0.0011955
0.0011625
0.00113
0.001098
0.001066
0.001034
0.001002
0.0009705
0.000939
0.0009075
0.0008765
0.0008465
0.0008165
0.000787
0.000758
0.0007295
0.000702
0.000675
0.00065
0.000626
0.000604
0.0005835
0.0005645
0.000547
0.0005305
0.0005155
0.000501
0.0004875
0.000474
0.000461
0.000448
0.000435
0.000422
0.000409
0.000396
0.000383
0.00037
0.000357
0.000346
0.0003375
0.0003295
0.0003215
0.0003145
0.0003075
0.0003005
0.0002935
0.0002865
0.0002795
0.0002725
0.000266
0.00026
0.000254
0.000248
0.000242
0.000236
0.00023
0.000224
0.000218
0.000212
0.0002065
0.0002015
0.0001965
0.0001915
0.0001865
0.000182
0.000178
0.000174
0.00017
0.000166
0.000162
0.000158
0.000154
0.00015
0.000146
0.000142
0.000138
0.000134
0.00013
0.000126
0.000122
0.000119
0.000116
0.000113
0.00011
0.000107
0.000104
0.000101
9.8e-5
9.5e-5
9.2e-5
8.9e-5
8.6e-5
8.3e-5
8.0e-5
7.7e-5
7.4e-5
7.1e-5
6.8e-5
6.5e-5
6.2e-5
5.9e-5
5.6e-5
5.3e-5
5.0e-5
4.7e-5
4.4e-5
4.1e-5
3.8e-5
3.5e-5
3.3e-5
3.15e-5
3.0e-5
2.85e-5
2.7e-5
2.55e-5
2.4e-5
2.25e-5
2.1e-5
1.95e-5
1.8e-5
1.65e-5
1.5e-5
1.35e-5
1.2e-5
1.05e-5
9.0e-6
7.5e-6
6.0e-6
4.5e-6
3.0e-6
1.5e-6
5.0e-7
0.0
0.0
0.0
0.0
0.0
0.0
0.0
0.0
0.0
0.0
0.0
0.0
0.0
0.0
0.0
0.0
0.0
0.0
0.0
0.0
0.0
0.0
0.0
0.0
0.0
0.0
0.0
0.0
0.0
0.0
0.0
0.0
0.0
0.0
0.0
0.0
0.0
0.0
0.0
0.0
0.0
0.0
0.0
0.0
0.0
0.0
0.0
0.0
0.0
0.0
0.0
0.0
0.0
0.0
0.0
0.0
0.0
0.0
0.0
0.0
0.0
0.0
0.0
0.0
0.0
0.0
0.0
0.0
0.0
0.0
0.0
0.0
0.0
0.0
0.0
0.0
0.0
0.0
0.0
0.0
0.0
0.0
0.0
0.0
