0.0230333285625
0.01948132203956726
0.013440606822398001
0.009599262758508491
0.007547575032549485
0.00637509770955046
0.005654813568289314
0.005176275209567574
0.004830975100494484
0.004564456384615749
0.004349508973494909
0.004171327335367204
0.00402050085407953
0.0038899045437116165
0.003774971212915298
0.003673050100331992
0.003581476874379735
0.0034985166318469998
0.003424063341377572
0.0033584532384923465
0.003300940849713342
0.0032494213279340863
0.0032023715757177143
0.0031596482112329367
0.0031210868676228585
0.0030862804035240374
0.0030549412612137093
0.0030265038618245686
0.003000365755413662
0.0029765584954948208
0.0029551838484151334
0.0029357783276881123
0.0029183258966392236
0.002903094577184902
0.0028897077712163677
0.0028780553241443472
0.002868420188526006
0.0028601932442353394
0.002852698935493208
0.0028461661811909566
0.002840758985261981
0.002836383914315972
0.0028330290333617187
0.002830299364517089
0.002827949447273684
0.0028261246747458293
0.0028249214166841275
0.0028245208199686365
0.002825053346362635
0.0028262731616472895
0.0028277447321043456
0.002829729562639111
0.0028325713647048643
0.002835728659771549
0.0028386132645081543
0.0028411184242215348
0.0028434803933624474
0.0028456404018935414
0.0028471654441415734
0.002848287253025415
0.0028496675296229186
0.0028513518552470687
0.0028530141561227793
0.002854275704417098
0.002854842143128785
0.0028549556132504796
0.0028550561237537736
0.002855397400750511
0.0028561189090294814
0.00285683612900814
0.002857090796817396
0.002857113154705164
0.0028575488603665394
0.0028587001936475746
0.002859988326549797
0.0028602083153174756
0.002859070130516107
0.002857552537815052
0.0028566354751340703
0.0028564451814477054
0.0028562296706608026
0.002855075934803463
0.0028531068071822696
0.0028513062089771117
0.0028499966126961794
0.0028488917084465823
0.002848004796323466
0.0028474477511038964
0.0028472284344225563
0.0028470599774323988
0.002846516276174835
0.002845708308250208
0.0028449698257366637
0.0028445207608776384
0.002844411736938823
0.0028444635767481724
0.002844167650136539
0.0028429859412048846
0.002841335456964262
0.002840160377226325
0.0028396488320352863
0.0028393999033745503
0.0028393027034822617
0.0028392492466370947
0.0028387866945552287
0.0028380757168618652
0.0028376050215038694
0.0028373284261864226
0.0028375639204390153
0.002838451360509791
0.0028393526999049893
0.002840019007423089
0.0028405395159470637
0.0028406796449465107
0.0028403666620637133
0.002839711861949928
0.002838671725410295
0.0028378118056790282
0.002837646780589655
0.0028377707765255547
0.0028379057787608552
0.0028383159035414223
0.00283929851739288
0.0028403693766788337
0.0028406932323336094
0.0028401879394752186
0.002839465003550032
0.0028388198327078218
0.002838449791720578
0.0028387167144652927
0.0028393150283313184
0.0028394771932461504
0.002839006370530284
0.002838312691975129
0.002837669602855161
0.0028373065401514296
0.0028374953354014924
0.002838011188215909
0.0028385037718780446
0.002838849166602118
0.002838910732805286
0.0028387674782650485
0.0028391005900489396
0.0028404039544102115
0.0028421510695225073
0.0028433569423653854
0.0028436640843668517
0.002843201798924871
0.002842026439297453
0.002840203848915477
0.0028382168780654543
0.0028369811075061703
0.002836698467599007
0.0028366746018986012
0.0028367162366866594
0.0028368228072967795
0.002836864221240765
0.002837092888491825
0.002837449284957159
0.0028379105066465462
0.002838680972198747
0.0028393254468679517
0.0028395327181212344
0.002839606587864284
0.0028399008948811256
0.002840675158086173
0.0028417690058296645
0.0028428111384715135
0.0028437900965214806
0.0028447611926947685
0.00284532048189394
0.002845486585016815
0.0028459262752360557
0.0028464502043882025
0.00284655496923016
0.0028463834816600153
0.0028462986476538547
0.00284639545553895
0.002846776236217382
0.0028474150761181906
0.0028478214026769555
0.002847429605334219
0.0028461082996420325
0.0028443758124679108
0.0028428289410954662
0.002841781123397983
0.0028411505663705617
0.0028409950427924456
0.00284131774204924
0.00284174236540173
0.0028422074590183873
0.002842428610744416
0.002842374611753943
0.0028430253270620774
0.0028445603649038995
0.002845686101456278
0.0028455730617271383
0.0028447276522338286
0.0028438262455320346
0.002842843102191388
0.002841857726688894
0.002841259616681811
0.0028410030708788995
0.002841183523717087
0.0028417861208927847
0.002842109230591621
0.0028416559640145576
0.0028407095190092994
0.00283991860476355
0.002839694618976574
0.0028400903461088377
0.002841065292864175
0.002842458518115102
0.0028440267589200023
0.0028454263941708907
0.0028461658471629295
0.00284589996600802
0.0028450565628536867
0.002844580113200184
0.002844688737494131
0.0028447091736788052
0.0028443321014988174
0.00284380255578784
0.0028432179481238905
0.0028427012966589786
0.0028424793138446076
0.0028427204081639007
0.0028429750680700337
0.0028427117551792997
0.0028423961138467286
0.002842451630953466
0.0028427031878058315
0.0028432397190648008
0.0028443149563762943
0.0028454658426361767
0.002845938090841975
0.002845421832780686
0.0028441846795210775
0.0028432024929926102
0.0028429490874224837
0.0028427760954527407
0.002842364530683768
0.0028418563791416723
0.002841235741625576
0.0028406730859660383
0.002840216130716453
0.0028397579915333177
0.002839674603411783
0.0028405315572396753
0.0028424145060882604
0.0028443515873163676
0.0028454864946558904
0.002846060157539349
0.0028466155007166637
0.002847576965056045
0.002849028159577808
0.002850394776130927
0.0028512184403221962
0.002851942517095088
0.0028529536125585313
0.0028539951874770905
0.0028546885966551877
0.0028546401275572875
0.0028541052082054993
0.002853998186643105
0.002854386904358051
0.0028545910515717448
0.002854492741775472
0.0028544425041914733
0.0028544791310640594
0.0028545483255307358
0.0028546756345249574
0.0028544081736601307
0.002853752350127836
0.002853210812621052
0.002852758659615174
0.002852354888023971
0.0028519050305326086
0.002851209272506119
0.002850145868630344
0.0028488588173790582
0.002848035261401655
0.0028477977666623916
0.0028472642218157706
0.0028460874144295
0.0028451374485647385
0.0028449426375427114
0.002844871686906231
0.0028445313844688777
0.0028441904178561133
0.0028437195742188294
0.0028429423479192444
0.002842132825406004
0.002841183488334288
0.0028400030312332246
0.002838953345871512
0.0028382428390701297
0.002838181694447652
0.002838907087518788
0.0028399243931607004
0.0028406950464274863
0.0028409064096632146
0.0028406768286928937
0.0028403707461048134
0.0028398366143408786
0.002838932945963225
0.0028381978355867072
0.0028378435275585217
0.0028373364953139394
0.002836559578135122
0.0028360447203771223
0.0028362851177097977
0.002837191665975114
0.0028382966555810427
0.002839120274854717
0.002839471106369921
0.0028396009482591837
0.0028396708977231283
0.002839545938557026
0.002839033551923572
0.0028380694440876806
0.0028373545469650525
0.0028376934518810908
0.0028387796416978936
0.0028402797266290246
0.0028419513609494727
0.0028432095746225117
0.0028440808485234404
0.00284487381494276
0.0028455756349982687
0.00284612216219908
0.0028460997450440754
0.0028454135044529657
0.0028449934164850154
0.00284544637654817
0.0028464178527019767
0.002847371855368631
0.0028481428094824924
0.0028488377140482597
0.0028490013770947954
0.0028480852770755684
0.002846551534550177
0.0028452935942677483
0.0028446935564616
0.0028443773198205654
0.002844079679431318
0.0028441663032380167
0.0028444854427275876
0.00284469150877548
0.002844704144471337
0.0028442430506420463
0.0028436061244628747
0.0028432807953154555
0.0028430915586259643
0.002842722280536947
0.0028422167732485106
0.0028418551874392845
0.0028414427180131685
0.0028406846977017037
0.002839767810796226
0.0028387981611513805
0.002837668830276824
0.0028365692793801633
0.0028360402503489865
0.002836131944608662
0.0028363983459989664
0.0028369664027106836
0.0028378379557519886
0.002838588195642756
0.002839064487576533
0.0028390953690219495
0.002838555539271385
0.002837891202617435
0.002837678404203225
0.002837855872852186
0.0028382745657180015
0.0028389559223740883
0.0028396434511441812
0.0028401723274323206
0.0028407863233263246
0.002841478906058083
0.0028419600102104867
0.002842161528113911
0.0028421609013712257
0.0028420653986107693
0.0028419224281731235
0.0028416452910991086
0.002841050264359226
0.0028404778584693734
0.00284061756637303
0.002841472770294363
0.002842718352310064
0.0028440396830039707
0.0028450049173423474
0.002845393984493923
0.0028452245249065916
0.0028445129683826397
0.0028437393753890186
0.00284364919582795
0.002844173859241213
0.002844645652750064
0.0028450888682148854
0.0028457035293092113
0.0028460903153648834
0.0028459098755589333
0.0028455307136014676
0.002845667923636001
0.002846226005128683
0.0028467897975298284
0.0028473531754181036
0.002847770784850472
0.0028477228845462887
0.002847131055500922
0.0028462341539322983
0.0028455156235577513
0.002845199165405292
0.0028451930446656633
0.002845201335272552
0.002844773446843251
0.002844333630041545
0.0028442721399496987
0.0028445110106221365
0.0028452286128484335
0.002846100532443577
0.0028466158720685994
0.0028466589998515086
0.0028464439639364182
0.0028464605944520643
0.0028467533142707627
0.0028471863421870285
0.002847738653423914
0.0028478976089911286
0.002847088287443355
0.00284536668687555
0.0028435188614786837
0.0028423596083479562
0.002842015657019274
0.0028422527435160534
0.0028427490589901217
0.002843164932411801
0.0028434533301004692
0.0028433814537360304
0.002842627122046269
0.002841516472591212
0.0028404129476592623
0.002839394866224715
0.002838521628527882
0.002838086214178467
0.002838424852592464
0.0028394652531919633
0.002840498888830361
0.002840769968623974
0.002840270844398318
0.002839440559270313
0.0028388785159597202
0.0028389875213489946
0.0028394830653105385
0.002839840753883147
0.002839882254426299
0.0028400729291742214
0.002840767584262073
0.0028417561728446136
0.0028427474847417178
0.002843361908205637
0.002843910930786057
0.0028449940902532996
0.0028463098629727015
0.002847468064524929
0.0028484076754426942
0.002848823905938773
0.0028485644713414993
0.0028477136031850774
0.002846514269171642
0.0028453211101743103
0.00284425156075244
0.002843434138639979
0.002843403503013458
0.002844369013728246
0.0028456190096643394
0.00284638160257634
0.002846705018810639
0.0028469832837440534
0.0028473002887014873
0.0028476753791858676
0.002847962193358329
0.0028479121029454484
0.002847513839078329
0.002847053760911836
0.0028469090929450305
0.002847144503503582
0.0028472922604159292
0.002847038719924614
0.002846672682271834
0.0028463715806942742
0.002846264787055447
0.0028465157369185353
0.002846934315349639
0.0028472499205900743
0.002847298842698003
0.002846949148601238
