0.267188596
0.25360948266666666
0.24040226666666667
0.22775696
0.21581575266666667
0.20466273
0.19433883766666665
0.18484295433333334
0.176135909
0.16814729233333334
0.16079751333333334
0.15400854
0.14771394566666668
0.14186231133333332
0.136410718
0.131323522
0.126570768
0.12212838133333333
0.11797842633333333
0.114105678
0.11049586933333333
0.1071333
0.10400337166666666
0.10109073833333333
0.09838158933333334
0.095863722
0.09352672766666667
0.09135939933333333
0.08935278033333334
0.08749568733333334
0.085779972
0.08419880833333333
0.08274321766666666
0.08140580166666667
0.08017956266666666
0.07906039133333333
0.07804202066666667
0.07711899233333333
0.07628497933333334
0.07553299533333334
0.07485505633333334
0.07424471466666667
0.07369694533333333
0.07320847966666667
0.07277510033333333
0.07239276766666666
0.07205802366666667
0.07176789466666667
0.071518993
0.07130928
0.071135039
0.07099312733333334
0.07087740366666667
0.07078514633333333
0.07071423666666667
0.070661044
0.070623753
0.07060010866666666
0.07058835
0.07058714433333334
0.070596734
0.07061511533333334
0.070641111
0.070674384
0.07071397466666667
0.07075799533333334
0.070806318
0.07085668933333333
0.070909215
0.0709606
0.07100918633333334
0.07105377633333333
0.07109343133333333
0.07112731666666666
0.07115603033333333
0.07118061733333333
0.07120073366666667
0.07121842466666667
0.07123287533333333
0.07124287533333333
0.07124954333333333
0.07125277766666667
0.071251505
0.07124476133333334
0.07123256066666667
0.07121544233333334
0.07119314
0.07116593066666667
0.07113466166666667
0.071101184
0.07106640366666667
0.07102924233333334
0.07099001566666667
0.07095104366666667
0.070911734
0.070872406
0.07083291233333333
0.07079213666666667
0.07074993
0.07070698933333333
0.07066337533333333
0.07062132533333333
0.07058030433333333
0.07054132033333334
0.070504586
0.07046991833333334
0.070437864
0.07040817366666667
0.07038101433333334
0.07035671733333333
0.07033640566666667
0.070320332
0.07030628666666666
0.07029338433333333
0.07028086833333333
0.07026961366666666
0.07025996833333334
0.070252107
0.07024627933333333
0.07024181933333333
0.070237974
0.07023365666666667
0.070228928
0.07022283633333333
0.07021421
0.07020331333333334
0.070189459
0.07017342733333333
0.07015722866666667
0.07014288533333334
0.070130297
0.07011890733333333
0.07010875133333333
0.07009900333333334
0.070090621
0.07008366333333334
0.07007843866666667
0.07007342833333334
0.070068687
0.07006255933333333
0.07005590366666667
0.07004933966666667
0.07004268433333333
0.07003697033333334
0.070032613
0.070030217
0.07002897233333333
0.07002857066666666
0.070028188
0.07002770333333333
0.070025459
0.070021615
0.07001461366666667
0.07000413233333333
0.069991807
0.069977562
0.06996257766666666
0.069947659
0.06993438733333333
0.06992225433333334
0.069912656
0.06990652
0.06990379233333334
0.06990435966666667
0.069908985
0.06991601033333333
0.069925452
0.06993650033333333
0.06994893633333334
0.06996199633333333
0.06997402166666666
0.06998484166666667
0.06999328933333333
0.06999971633333334
0.070004346
0.07000764633333334
0.07000929966666666
0.070009769
0.07001038166666666
0.07001224733333333
0.07001434866666667
0.07001755133333333
0.070021319
0.07002579866666667
0.070029665
0.070032667
0.070034621
0.07003576
0.07003607466666667
0.07003524466666666
0.070032259
0.070026694
0.07001916566666666
0.070010894
0.07000357966666666
0.06999700633333333
0.069991314
0.069988082
0.06998655166666666
0.06998628566666666
0.06998542433333334
0.069984862
0.06998470133333333
0.06998561566666667
0.069987792
0.06999147533333333
0.069996075
0.07000124133333334
0.07000722633333334
0.070014825
0.070024033
0.070034235
0.07004476166666666
0.07005660666666666
0.07006829333333334
0.07008017166666666
0.070092357
0.07010279166666666
0.07011218566666666
0.070120851
0.07012984633333333
0.070139813
0.070150023
0.07016172566666666
0.07017661666666666
0.07019385966666666
0.07021278333333333
0.070233159
0.070254271
0.07027487966666666
0.07029532533333334
0.07031504033333333
0.07033364466666667
0.070350709
0.07036634066666667
0.07038202533333333
0.07039542533333333
0.070405422
0.07041176366666667
0.07041350166666667
0.07041330733333333
0.07041173166666667
0.07041070266666667
0.07041033033333334
0.07041218566666667
0.07041591566666666
0.07042114533333334
0.07042777266666667
0.070435308
0.070443541
0.07045224266666666
0.07046104366666667
0.07046991733333334
0.07047863533333333
0.07048892766666667
0.070500347
0.07051252933333334
0.07052586466666666
0.07053733366666666
0.070546979
0.07055542
0.07056347633333333
0.07057130166666667
0.070576585
0.07058163366666667
0.07058666233333333
0.07059174833333333
0.070594449
0.07059608166666667
0.07059695133333334
0.07059815566666666
0.07059861566666667
0.070597712
0.070593781
0.07058658933333334
0.07057577266666666
0.07056080133333334
0.07054223533333333
0.07052159133333333
0.07050012966666666
0.07048012166666667
0.070461167
0.07044306566666667
0.07042550433333333
0.07040801766666667
0.07039012866666666
0.07037237033333334
0.07035450566666666
0.07033761866666667
0.07032068333333333
0.070302421
0.07028351166666667
0.07026381666666667
0.070244351
0.07022456733333333
0.070204876
0.07018465
0.07016473933333334
0.07014613966666666
0.07012963633333333
0.07011483133333334
0.07010262266666667
0.070091569
0.070081953
0.07007413666666666
0.07006731566666667
0.07006147866666666
0.070056282
0.070051507
0.07004658
0.070041284
0.070035384
0.07002870966666666
0.07002346366666666
0.07002023333333333
0.07001963633333333
0.070020543
0.07002358866666666
0.070029631
0.07003864066666667
0.07005096033333333
0.07006708633333333
0.07008682366666667
0.070109327
0.07013354266666667
0.07015898766666667
0.07018536
0.07021193433333334
0.07023663966666667
0.07026077066666667
0.07028294333333333
0.07030341233333333
0.07032184966666667
0.07033695266666666
0.07034795066666667
0.07035502066666667
0.07035808466666667
0.07035789166666667
0.07035544166666667
0.07035195966666667
0.070349147
0.070348458
0.07034920533333333
0.07034980566666667
0.07035042933333334
0.07034991666666666
0.07035079333333333
0.07035165433333333
0.07035154066666667
0.070350635
0.070348139
0.07034414066666667
0.070338951
0.070333035
0.07032644266666667
0.070319813
0.07031305433333333
0.07030641666666666
0.07030040066666667
0.070294359
0.07028915266666666
0.07028478433333334
0.07028001933333333
0.07027624266666667
0.07027322333333333
0.07027083933333333
0.07026978966666667
0.07027033833333333
0.070272224
0.070275588
0.07028083433333333
0.07028863866666667
0.07029846666666667
0.07031028933333333
0.07032557833333333
0.07034144233333334
0.070358133
0.070374782
0.070391304
0.07040808033333333
0.070424462
0.07044012766666667
0.070455633
0.07047277433333334
0.070492738
0.07051505466666666
0.07053863733333333
0.07056341
0.070589075
0.070614608
0.07063898133333334
0.07066274566666667
0.070685319
0.07070882566666667
0.07073099666666667
0.07075005466666667
0.070766232
0.070781124
0.070794547
0.07080614333333334
0.07081623366666667
0.07082338133333334
0.07082949866666667
0.070834357
0.07083830666666667
0.07084144266666667
0.070843993
0.07084627866666666
0.07084748866666667
0.070847626
0.07084601933333333
0.07084336666666667
0.07083987666666666
0.07083643466666667
0.070832135
0.070825083
0.070815402
0.07080386633333334
0.07079141833333333
0.07077757933333333
0.070762596
0.07074705733333334
0.070731768
0.070717342
0.07070385566666666
0.07069177766666666
0.070680718
0.07067175833333333
0.07066314866666666
0.07065460033333333
0.07064660733333333
0.07063822633333333
0.070628612
0.070618605
0.07060779066666667
0.070598951
0.07059233833333334
0.07058827966666667
0.07058634333333333
0.070587494
0.07059157133333334
0.070599304
0.07061034533333334
0.070624427
0.070640393
0.07065778533333333
0.07067522366666666
0.07069144333333334
0.070706792
0.07072080733333333
0.07073261233333333
0.07074105566666666
0.07074714133333333
0.07075139266666666
0.07075283433333333
0.07075174433333334
0.07074762533333333
0.07074194866666667
0.07073556766666667
0.070728723
0.070721106
0.07071112233333333
0.07069876533333333
0.070685512
0.07067353733333333
0.07066390033333333
0.07065696866666667
0.07065422266666667
0.07065490533333334
0.070659439
0.07066561233333334
0.07067309566666667
0.07068063533333334
0.07068939
0.070698605
0.070709505
0.07072470066666667
0.07074274733333333
0.07076364033333334
0.07078948266666667
0.07081882966666667
0.07085268066666667
0.070890089
0.070929165
0.07096986533333334
0.07100974366666667
0.071048657
0.07108599466666667
0.071120553
0.07115266233333334
0.07118240866666667
0.07120959033333334
0.07123301933333333
0.07125355433333333
0.07127070733333334
0.071284053
0.07129288866666667
0.07129833033333334
0.07130091533333334
0.07130118633333334
