0.232369
0.2159325
0.19998
0.1848475
0.170807
0.1580595
0.146755
0.1368005
0.1281545
0.120571
0.1138585
0.1078825
0.1024965
0.0977035
0.093413
0.089531
0.0859865
0.082734
0.0797845
0.0771035
0.074686
0.072525
0.0706225
0.0689075
0.067432
0.066138
0.0649705
0.0639515
0.062997
0.062127
0.0613675
0.0607175
0.060164
0.059649
0.0592275
0.058942
0.0587665
0.0586755
0.0586405
0.058657
0.0586595
0.0587
0.058727
0.0587435
0.058776
0.058778
0.0587675
0.0587805
0.058814
0.058859
0.0588505
0.0588655
0.058849
0.0588255
0.0587515
0.0586525
0.058589
0.058532
0.0584905
0.0584625
0.0584695
0.058508
0.0584905
0.0584585
0.058435
0.058376
0.0583195
0.058248
0.058172
0.0580575
0.057903
0.0577625
0.057632
0.0574945
0.0573555
0.0572205
0.057085
0.0569085
0.0567015
0.056527
0.0564245
0.0563205
0.056265
0.056259
0.056278
0.0562915
0.0563265
0.0563495
0.056376
0.0564035
0.056486
0.056593
0.0567025
0.0568275
0.0569815
0.0570855
0.057163
0.0572415
0.0572905
0.05728
0.0572305
0.0571515
0.057108
0.057059
0.0569885
0.056952
0.0569375
0.0569335
0.056902
0.0567975
0.0566805
0.0565375
0.056361
0.056187
0.056045
0.05596
0.055851
0.055711
0.055594
0.0554855
0.05534
0.055232
0.0551065
0.0549275
0.0547335
0.0545745
0.0544295
0.0543025
0.054213
0.054179
0.054137
0.0541695
0.0541795
0.0541475
0.0541535
0.0542255
0.054251
0.0543195
0.0544155
0.054523
0.054623
0.0547535
0.0549155
0.055105
0.0552495
0.0553625
0.0554775
0.055563
0.055648
0.0557545
0.0558955
0.056032
0.0561195
0.0561875
0.0562455
0.0562895
0.056305
0.056297
0.056259
0.056254
0.056227
0.056165
0.0560515
0.055946
0.055798
0.0556605
0.055586
0.055474
0.0553605
0.0552335
0.055124
0.0549715
0.0548485
0.0547155
0.0546095
0.054453
0.054256
0.054044
0.053799
0.0535675
0.053359
0.0532045
0.0531105
0.0530395
0.0529535
0.052837
0.0527105
0.0525565
0.05241
0.052238
0.052066
0.05187
0.0517245
0.0516715
0.051653
0.0516465
0.051727
0.051798
0.051836
0.0518395
0.0518355
0.0518295
0.051816
0.0517715
0.0516835
0.0515625
0.0513835
0.05121
0.051056
0.0509415
0.0508605
0.050852
0.0509285
0.0510035
0.0510655
0.051153
0.0512135
0.0512355
0.0512585
0.051275
0.0512855
0.0512865
0.0512695
0.0512495
0.0512495
0.051308
0.0513965
0.0514645
0.051532
0.0515705
0.051581
0.0515975
0.0516035
0.0516245
0.0517215
0.0518795
0.052112
0.0522855
0.052446
0.052557
0.052667
0.0527325
0.052796
0.0528535
0.0528975
0.0529885
0.053092
0.0532025
0.053303
0.053408
0.053543
0.0536855
0.0538165
0.0538975
0.053933
0.0539595
0.0539605
0.0539705
0.0539865
0.054035
0.054055
0.0540015
0.053899
0.0537105
0.053514
0.053273
0.053037
0.0528515
0.052678
0.052512
0.0523985
0.052319
0.052252
0.052261
0.052277
0.052317
0.0523145
0.0523105
0.0523095
0.0523265
0.0523385
0.0523455
0.0523045
0.0522915
0.0522815
0.052313
0.052371
0.0524955
0.052649
0.052871
0.053171
0.053526
0.0538925
0.054241
0.0545495
0.0548455
0.055107
0.0553695
0.0556155
0.0558445
0.056065
0.0562505
0.056427
0.056576
0.05674
0.056911
0.057119
0.0573
0.0574635
0.0575775
0.057669
0.0577075
0.0576995
0.0575915
0.057447
0.057264
0.0570495
0.0568815
0.056689
0.056493
0.056298
0.056104
0.0559405
0.055782
0.055638
0.055488
0.055355
0.0552535
0.0552045
0.0551635
0.055125
0.055067
0.054997
0.0549255
0.054834
0.054741
0.0546365
0.054531
0.0544085
0.0542575
0.0541015
0.053962
0.0539085
0.0538885
0.053861
0.0538465
0.053836
0.053842
0.053913
0.054035
0.0541775
0.054336
0.054455
0.054568
0.0546885
0.054785
0.0548365
0.054866
0.054895
0.054939
0.0549355
0.0548915
0.0548145
0.054737
0.054678
0.0546115
0.054522
0.054429
0.0543345
0.0542685
0.0542065
0.054105
0.053956
0.053754
0.0535135
0.0532465
0.053071
0.0529575
0.052903
0.052865
0.052853
0.0529095
0.053013
0.0531435
0.053261
0.0533585
0.05346
0.0535775
0.0536725
0.053798
0.0539035
0.0540495
0.05423
0.054418
0.0546235
0.05485
0.055093
0.0552795
0.05551
0.0557715
0.056042
0.0562695
0.056401
0.0564495
0.0564465
0.0564045
0.056366
0.0562825
0.056142
0.0559755
0.055798
0.055632
0.05552
0.0554555
0.055406
0.055369
0.055357
0.0553395
0.0553175
0.05525
0.055149
0.0550085
0.0548725
0.0547255
0.0546005
0.054463
0.05428
0.054085
0.0539055
0.05374
0.053599
0.0535025
0.0534645
0.0533775
0.0532685
0.0531265
0.052982
0.0527995
0.0526045
0.05241
0.0522305
0.0520335
0.051834
0.0516255
0.0514515
0.051331
0.051242
0.051159
0.051092
0.051069
0.0510185
0.050938
0.050878
0.050839
0.0507315
0.0505555
0.050327
0.050144
0.049971
0.0498315
0.049752
0.0497295
0.0497765
0.049927
0.050078
0.050248
0.0504185
0.0505335
0.05065
0.050782
0.050907
0.05106
0.0512445
0.0513765
0.0514995
0.051608
0.0516895
0.051777
0.051857
0.0519465
0.052035
0.0520995
0.052175
0.052234
0.0523155
0.052399
0.05247
0.0525615
0.0526145
0.0526155
0.0526225
0.0526005
0.0526055
0.052669
0.0528375
0.05301
0.0531535
0.053276
0.053366
0.053406
