0.767631
0.7511945
0.735241
0.720098
0.7060305
0.693234
0.681853
0.6717915
0.663001
0.6552445
0.648348
0.642182
0.636602
0.6315985
0.6271015
0.6230295
0.619298
0.615865
0.6127405
0.60989
0.607305
0.604983
0.602932
0.601087
0.5994865
0.5980685
0.59679
0.595652
0.5946025
0.593655
0.5928315
0.5921155
0.5915
0.590936
0.5904705
0.5901395
0.5899215
0.5898015
0.589758
0.589759
0.589745
0.5897695
0.5897755
0.58978
0.589801
0.5897965
0.5897825
0.5897745
0.5897835
0.589803
0.5897875
0.589811
0.589807
0.589789
0.58972
0.5896245
0.5895625
0.589496
0.58945
0.5894295
0.589447
0.5894945
0.5894865
0.589477
0.589485
0.589463
0.589442
0.5894035
0.5893515
0.589251
0.589111
0.5889685
0.5888395
0.5887025
0.588549
0.588382
0.5882155
0.58801
0.5877815
0.587591
0.587467
0.587337
0.587243
0.5872
0.5871805
0.5871535
0.587149
0.587133
0.5871335
0.5871435
0.5872025
0.587296
0.5873955
0.5875195
0.5876745
0.587788
0.5878685
0.5879385
0.587989
0.587986
0.58795
0.587888
0.5878515
0.587808
0.587748
0.587712
0.5876975
0.587698
0.587683
0.587589
0.5874795
0.587348
0.587184
0.587027
0.586899
0.5868255
0.5867215
0.586592
0.586476
0.586372
0.5862165
0.586093
0.5859515
0.585753
0.5855395
0.58536
0.585202
0.585065
0.58497
0.5849415
0.5849275
0.584993
0.585041
0.5850445
0.585068
0.5851435
0.5851755
0.585254
0.585363
0.585492
0.585617
0.5857715
0.585959
0.586164
0.5863115
0.586424
0.586536
0.586601
0.5866595
0.586739
0.5868465
0.5869555
0.587017
0.5870635
0.5870965
0.5871105
0.5870995
0.587071
0.58702
0.587009
0.5869695
0.5868955
0.586774
0.5866645
0.5865115
0.586365
0.5862765
0.586156
0.586045
0.5859225
0.5858175
0.5856715
0.5855505
0.5854165
0.585304
0.5851375
0.584927
0.584699
0.5844375
0.5841885
0.5839435
0.5837515
0.5836165
0.583524
0.5834305
0.583308
0.583188
0.5830555
0.582924
0.5827635
0.582604
0.5824175
0.5822685
0.5822
0.582158
0.582118
0.5821455
0.5821605
0.5821595
0.5821355
0.582114
0.582108
0.5821025
0.5820785
0.5820195
0.5819235
0.581771
0.5816245
0.5814925
0.5813855
0.5813105
0.581309
0.5813885
0.581478
0.581561
0.581668
0.581747
0.5817795
0.581804
0.5818205
0.5818255
0.581826
0.5818255
0.581828
0.581847
0.5819185
0.5820115
0.5820785
0.5821425
0.5821715
0.582169
0.582172
0.582165
0.582179
0.582271
0.582422
0.5826435
0.5828145
0.582973
0.583089
0.583201
0.5832675
0.5833125
0.583352
0.583377
0.583456
0.5835425
0.5836335
0.5837135
0.583812
0.5839485
0.584092
0.584214
0.5842885
0.584311
0.584322
0.5843125
0.584315
0.5843225
0.5843745
0.5844055
0.584362
0.5842665
0.584086
0.5838945
0.5836525
0.583407
0.583211
0.5830245
0.582848
0.582731
0.5826485
0.58259
0.5826105
0.582648
0.5827235
0.582763
0.5828005
0.5828295
0.582874
0.5829165
0.582952
0.582952
0.5829805
0.58301
0.5830825
0.583187
0.583356
0.5835495
0.5838085
0.5841375
0.5845145
0.5849035
0.5852655
0.5855835
0.5858885
0.5861535
0.586422
0.5866805
0.586912
0.587124
0.5872945
0.5874505
0.587584
0.587736
0.5879095
0.5881205
0.5883095
0.588485
0.5886065
0.588713
0.5887695
0.58877
0.5886695
0.5885325
0.588363
0.5881595
0.588002
0.587819
0.587624
0.587439
0.587239
0.5870725
0.5869165
0.586784
0.5866465
0.586532
0.58646
0.5864515
0.5864425
0.586421
0.5863645
0.586276
0.586177
0.5860495
0.585917
0.5857755
0.585637
0.5854805
0.5852915
0.585092
0.5849065
0.5848145
0.5847555
0.5846915
0.584648
0.584609
0.5845825
0.5846145
0.584688
0.5847645
0.5848495
0.584905
0.584973
0.585066
0.5851335
0.5851575
0.5851655
0.5851755
0.585204
0.5851895
0.5851325
0.585036
0.584937
0.584847
0.584758
0.584651
0.5845545
0.584465
0.584408
0.5843525
0.584271
0.5841505
0.58397
0.5837435
0.583495
0.5833305
0.583226
0.5831815
0.583164
0.5831825
0.583266
0.583389
0.583527
0.583633
0.5837065
0.583771
0.583853
0.5839095
0.5840085
0.584094
0.584234
0.5844155
0.584617
0.584846
0.5850965
0.5853695
0.5856015
0.585873
0.5861865
0.5864975
0.5867545
0.5868995
0.58694
0.586919
0.5868495
0.58678
0.5866715
0.586514
0.5863455
0.586183
0.586031
0.585936
0.585876
0.5858235
0.585777
0.5857395
0.5857015
0.5856525
0.585559
0.5854335
0.5852695
0.5851105
0.5849295
0.584759
0.5845815
0.5843755
0.584165
0.583998
0.583852
0.583731
0.5836465
0.5836135
0.5835315
0.5834355
0.5833085
0.583183
0.583022
0.5828395
0.58266
0.5824955
0.582319
0.5821335
0.581927
0.5817465
0.581612
0.581504
0.581412
0.5813445
0.581309
0.5812375
0.581138
0.5810635
0.5810225
0.580918
0.580755
0.5805545
0.580397
0.5802485
0.580129
0.58007
0.5800715
0.58014
0.580306
0.5804715
0.5806485
0.58082
0.5809405
0.5810705
0.5812215
0.581357
0.5815125
0.5816955
0.5818265
0.5819515
0.582063
0.5821465
0.5822395
0.582331
0.5824245
0.5825115
0.582571
0.5826385
0.5826855
0.5827455
0.582808
0.582863
0.5829355
0.5829805
0.58299
0.583009
0.5830015
0.5830105
0.583068
0.5832345
0.5834025
0.583541
0.583653
0.5837315
0.583763
