0.027835447162109374
0.023597894646892638
0.016502976462598618
0.012117764768870413
0.009836203371089253
0.008551924917136423
0.007750792228462313
0.0071860125602590495
0.006743970624650132
0.006378502952844607
0.006072000112205585
0.005815311189642317
0.005600139150010982
0.005417716985496149
0.005260359626462143
0.005122961729366271
0.005002026698960056
0.004894539729095341
0.004798318202605237
0.004712529069722131
0.00463737252455426
0.004572043460984774
0.004514548828598258
0.004463688326454534
0.0044190252741163226
0.004380146361638005
0.004346757215076567
0.004318450920680416
0.0042947579463086475
0.0042747104419203225
0.004257067373002603
0.00424196827252386
0.004229829332458768
0.004220450291061758
0.004212991230488001
0.004206394350182176
0.004200791944213868
0.0041966994577089835
0.004194112262489044
0.004192858377718537
0.004192467483858499
0.004192235534035801
0.004191731396330766
0.004191609458566668
0.004192173795445575
0.004192642459780747
0.004193143890080936
0.004194308007431337
0.0041961857761096165
0.004198447117571984
0.004200459469423029
0.004201638621181376
0.004202071714297445
0.004201899376227745
0.00420095768836557
0.004199868397833122
0.004199024672434805
0.004198339566319656
0.0041982771673584295
0.004198938522623128
0.004199638687936863
0.004199766974209083
0.004199458747611827
0.0041986616735974255
0.004197101181690455
0.004195400314994497
0.004193811736638979
0.004192199414911626
0.00419053622347257
0.004188619599462866
0.004186872195223568
0.004186055048255076
0.004185774955404324
0.004185258886876691
0.004184071277762652
0.004182065229901206
0.004180056785964275
0.004178918274448653
0.0041787033187301505
0.004178493219081481
0.004177417210483775
0.004175836038432716
0.004174213179105144
0.004172728853448447
0.00417182051344454
0.004171888271032231
0.00417232855731264
0.004172293579138613
0.004172134999115435
0.0041718278687410204
0.00417098526777472
0.004170246139445319
0.00417024076551618
0.004170665448409869
0.004170618011398511
0.004169831940817066
0.004169173029714026
0.004169551941547103
0.00417079793932098
0.004171763158572538
0.004171827112150459
0.004171105786230993
0.004170073733570916
0.0041692024532489925
0.004168465138003762
0.0041681611134168255
0.004168750503565714
0.0041696605616413935
0.004169923449983936
0.0041693565367119665
0.004168445406951869
0.004167800552800181
0.004167522257865049
0.004167231147825981
0.004166860961723807
0.0041666677928415465
0.004166641346612759
0.004166647280811906
0.00416649333361086
0.004165867080246794
0.00416465134339682
0.004163542804689881
0.004163461185092626
0.00416412125115578
0.004164840828993028
0.004165238901931646
0.004164977337575362
0.004164620614339566
0.004164964965551482
0.004165907164163601
0.004166851428365495
0.004167499403797472
0.004167904017161722
0.004168038000651354
0.004168059000694981
0.004167763134686717
0.004167231891409092
0.004167413601474163
0.00416863753615405
0.004170076606085731
0.004170579915908134
0.004170078335257029
0.004169501281322115
0.004169420044003962
0.004169670923967
0.004169950769157803
0.004169890634063925
0.004169295313655902
0.004168661130460523
0.004168347266002677
0.004168083818193577
0.004167997328169548
0.0041684439750441825
0.004169043127838343
0.004169458558755805
0.004169800988226488
0.004169935339879603
0.004170044432948514
0.004170431217643975
0.00417078422005428
0.004171298974750906
0.004172328092938486
0.004173356872937331
0.004173745893678777
0.004173519710410374
0.004173331919769122
0.004173556138248788
0.004173862823408526
0.0041737270838403395
0.00417348118452565
0.0041737489659237305
0.00417419778667066
0.0041743730382861124
0.004174126535037024
0.004173279983482859
0.004171868480446899
0.004170295270067981
0.004169171710699441
0.004168476837396573
0.004167533805160813
0.004166527509895798
0.004165790451571242
0.004165187877956188
0.004164772393552141
0.004164491740063473
0.0041641723159808516
0.004163487736861988
0.004162547676740226
0.004162434892944589
0.004163369535133635
0.0041644841629228865
0.004165291900532615
0.004165803344818071
0.004166073985586906
0.004165758246762653
0.0041647900249923596
0.004163857602833925
0.00416320066841043
0.004162445570001257
0.004161816785015238
0.0041612129364122525
0.004160424594128314
0.004159828365527363
0.004159609200627455
0.0041597363253018296
0.004160225568512753
0.004160890784068068
0.004161809762019334
0.004162934811560326
0.0041635389757615614
0.0041636716282221105
0.004164034334834725
0.004164582575421816
0.004164734846352221
0.0041646870264191735
0.00416497916684393
0.004165456961168258
0.0041660556472226905
0.00416665971708856
0.004167024919407357
0.004167121584248448
0.004166760190992257
0.004166344219072402
0.004166460311873458
0.004166775181714734
0.004166555910191816
0.00416547278818342
0.004163851574185193
0.004162342584500634
0.0041612903089746295
0.0041608940681796954
0.00416127177993504
0.004162103434608089
0.004162995268166491
0.004164030294614111
0.004165267646089521
0.004166370387641919
0.004167201012126773
0.004167635621193551
0.004167968777757376
0.0041682865280746086
0.004167582241269238
0.004165938330610008
0.004164981918919232
0.004165282273313114
0.004165571471008528
0.00416510738370635
0.004164436305858073
0.004163687932167418
0.004163112832224402
0.004163228722403044
0.0041638274081539925
0.004164673542412759
0.004165608756111169
0.0041663880556550795
0.004167071625746116
0.004167828021188565
0.004168632681909241
0.004169228258738367
0.004169360121157261
0.004168796404291503
0.004167570150399544
0.004166261968728575
0.00416539142175938
0.004164627351927597
0.004163900491393619
0.004163853913173165
0.004163979877495596
0.004163143521086469
0.004161920898841018
0.0041617609447628144
0.00416258381898386
0.004163502783099098
0.0041641962143181685
0.004164433096352588
0.004164283107527536
0.004164145379176228
0.0041640267843212455
0.004163960198825069
0.004164175038786045
0.004164373405827043
0.004164065198516271
0.004163348965805586
0.004162684041312035
0.004162482054128167
0.004162696520224124
0.004162784146320607
0.004162481464267913
0.0041623998115463134
0.004162892468391752
0.004163403240209438
0.004163813927081411
0.004164763639793171
0.004166067515344177
0.004166669311981171
0.004166323164088674
0.004165676566394974
0.004164903918041563
0.004164044819926788
0.004163569667725683
0.004163670413244039
0.004163801662815381
0.004163666721783036
0.004163483777369506
0.004163076818721991
0.004162531093431658
0.004162381369390977
0.0041627195438869785
0.004163254233998245
0.004163597856671336
0.004163445036248978
0.004163058462130418
0.004162581529182383
0.00416224123212542
0.004162759386218177
0.004163771170515855
0.00416470223358239
0.004165882387620731
0.00416705071389364
0.004167581133010797
0.004167535582874984
0.004167181772470365
0.004166090072049851
0.004163964638691491
0.004161915695070939
0.004160935194509277
0.004160709842382433
0.004160810106502177
0.0041611237910350474
0.004161263711742848
0.00416073281642044
0.004160019524663668
0.00416026881288399
0.0041612358711738615
0.004161991861825083
0.004162484697514395
0.004163179091329565
0.0041645043813478
0.004166403563807126
0.004168049963912529
0.004168575618989546
0.00416803962655169
0.004166864952542029
0.00416512828963424
0.004163260176833076
0.004162329952608447
0.004162629888439889
0.004163396009755629
0.004164386740025041
0.004165193165820866
0.004165216949012873
0.004164876229438461
0.004164889110734398
0.004164819975726666
0.004164148274187491
0.0041633171026843685
0.004162807774717585
0.004163178583798559
0.0041643179451279575
0.004165128378951348
0.004165060271305396
0.0041645986641927315
0.004164260198053436
0.0041639899945141255
0.0041632245568217156
0.00416180266056901
0.004160686041894808
0.004160377563438379
0.004160361630546856
0.004160387408487955
0.004160172658986296
0.004159417711976262
0.004158601947945706
0.0041585309155141
0.00415935771127755
0.00416076758419431
0.0041626388457007895
0.0041646673256548776
0.004166453407436064
0.0041680812782392326
0.004169407360348522
0.004169615497546709
0.0041688155163559
0.004168004787070771
0.0041670807606032775
0.004165466416397898
0.004163453318387887
0.0041617355928637335
0.0041605939754632984
0.004159734352540526
0.004158991150167045
0.004158428654120464
0.00415798721710085
0.004157915251057002
0.004158505786343589
0.004159573278073465
0.004160514941748368
0.004161047147065263
0.004161388516074056
0.0041617772509137275
0.004162392721368108
0.0041629469858611365
0.004163227848971981
0.004163517870222912
0.004163848305423949
0.0041639830432686755
0.0041637965472209855
0.0041635431284209
0.004163657139594498
0.004164159667866236
0.004164486116958536
0.004164322828487506
0.004164224842112374
0.0041645134098674385
0.004165007342640158
0.0041655194258623735
0.004166135081629824
0.0041670259873561625
0.004167748774253732
0.004167681270782575
0.00416701308088216
0.004166439371993033
0.004166377292309257
0.0041668629010085095
0.004167878232975143
0.00416904641065427
0.004169960224719022
0.004170939711368737
0.004171849900183655
0.0041720357442514115
0.004171252510833097
0.004170073029521592
0.00416928821008807
0.004168986245447265
0.004169219910365707
0.004169800577808224
0.004170244400338718
0.0041705377572442475
0.004170665047713346
0.004170731484501207
0.0041711028072776895
0.004171525714192348
0.004171896082947143
0.00417282835626127
0.004174000959731395
0.0041743549916158544
0.004174163590301595
0.004173721903311282
0.004172825995685596
0.004172079696268865
0.004171810367755817
0.004171851820637342
0.004172545340255933
0.004173692587212233
0.0041740797534220156
0.004173286838038956
0.0041715631061903955
0.004169543567270135
0.004168587997214888
0.004168760351770074
0.004169303505015344
0.004170104578010592
0.004170872952219181
0.004171348733722316
0.004171538052969555
0.004171369163080903
0.004171008883635205
0.004170710871214776
0.004170638953853825
0.00417135968203904
0.004172933382163688
0.004174280039918457
0.0041750579355071486
0.0041755553446715535
0.004175524219272275
0.004174685482486247
0.004173350774605086
0.004172210161732315
0.0041712824785237
0.004170274041817359
0.00416978618504314
0.004170435762135199
0.004171657886245642
0.004172359631441605
0.0041720411360683055
0.004171327823566627
0.0041710588871043475
0.004171124923295769
0.004170994450459806
0.004170619479416965
0.00417051293375584
0.004171079929471268
0.004171959932990214
0.004172701405621365
0.004173560216978355
0.004174446795621426
0.004174437473729328
0.004173266665247713
0.004172075118400949
0.004171757414500059
