0.025095343657272104
0.02498767008429872
0.02450585048775585
0.02385226196200656
0.0230535198023941
0.02215118936106891
0.021198956105169666
0.020244418463215952
0.019340718115522917
0.01851695732639471
0.017769519141645946
0.017088831476528926
0.016472758855243855
0.01592041431466538
0.015445744660124303
0.01503052746637989
0.014672549271488871
0.014367021017469745
0.01409538403049179
0.01385846565620902
0.013636015875435245
0.013412609436246531
0.01318470494179923
0.012968554470104133
0.01279072769406439
0.01265306533442433
0.012540359614134184
0.012449278783061611
0.012360290276524232
0.01226558589154012
0.012193141842997739
0.012129916183827198
0.012067770829228544
0.012031934408718494
0.012033657626766373
0.012044687730158748
0.01205948619746362
0.012072432452924779
0.012065088155171107
0.01205448850447264
0.012065725274737354
0.012085448092059534
0.012108821734545463
0.012154433407045521
0.012199019288792941
0.01222278162498013
0.0122393219054888
0.012257483950001776
0.012269322587522976
0.012274404175253294
0.012282184294687736
0.012280555134436018
0.012262075136906078
0.012265424704217457
0.0122786902882684
0.012291527133708615
0.012307109071037114
0.012303285487118839
0.012291952659693241
0.012282345639249211
0.012292562016573564
0.012314145561046319
0.012326217119291605
0.012334065594238022
0.012346714196246198
0.0123556726969431
0.012351724639566275
0.012366370262698474
0.012390780007023532
0.012418890158235584
0.012445562255229798
0.012467873311446396
0.012480609616743717
0.012463324519596605
0.012440260989774703
0.012419890997033802
0.012388477286714664
0.01235457520094993
0.012307038461612475
0.012250560596589959
0.01220742590774659
0.012133158091761938
0.012042709234237467
0.01196459533138739
0.01191178349004918
0.011888729376292024
0.011879687897441512
0.011892449775048485
0.011914913372253148
0.011928858157279992
0.01194391619710478
0.011957938199993209
0.011960228861573923
0.011946645965272468
0.011923416372317674
0.011908102181334904
0.011920448661222209
0.01192635578969302
0.011898767858429658
0.011875627321311956
0.011852992409493505
0.011827199346714064
0.011822963282861856
0.011863638196617728
0.011902197353278026
0.011899679922200182
0.011894516908187942
0.011884393147161575
0.011870937980629055
0.011870891202040889
0.011874646958415584
0.011879692640231736
0.01188119453956686
0.011887768082577506
0.01190755742000062
0.01193323150445608
0.011968178278667188
0.011981813211032288
0.011971035883200344
0.011958501311098702
0.011956800199460625
0.01195365606092225
0.011925070536495542
0.011900194216855757
0.011891539294316677
0.011879601373996681
0.01186513351537727
0.011863901327062196
0.011883921567632308
0.011899413239254121
0.011886128459722443
0.01186410379420464
0.011841993047135438
0.011828056617616654
0.01182400564167573
0.01184754354455727
0.011891026440648388
0.011913787860050947
0.011906177657277445
0.01190153786545102
0.011915153497975619
0.011917393891872161
0.011902178196133721
0.011888007299098488
0.011887246709643116
0.011898332310054502
0.011888961125425394
0.011881136779550707
0.011892847973889334
0.011910261722664076
0.011926540848419409
0.011944888031042218
0.011944040856576976
0.01191163154131327
0.011888819737756358
0.011908728274388032
0.011967390076305779
0.012017279454599171
0.012014293511035543
0.011978095749313787
0.011938209272730963
0.011901545706318732
0.011862581437051049
0.011811530728595978
0.011756473011601477
0.011699014927918593
0.011662971750164954
0.01167397609670305
0.011675003531753199
0.01164917801642546
0.011629172658600256
0.011624627708234575
0.011609355268954808
0.011584955736698422
0.011582030535004102
0.011587338992213828
0.011586792266455974
0.011590131090572877
0.011596922425057448
0.01161463221129579
0.011626954704582936
0.011609665302931354
0.011608806237136072
0.01163102017046211
0.011628179554259306
0.011606465798177435
0.01159384270446917
0.011614896800602613
0.011661937021954404
0.011726012356254992
0.011793161261069537
0.011837935008740703
0.011873798429645827
0.01193752388593482
0.01200768845376848
0.012041935376090935
0.012038997674280396
0.012043058209383183
0.012075974523406795
0.012090282227356463
0.012060502521570761
0.01202817904041283
0.012024674693479717
0.012034079585913772
0.012015118126826959
0.011966444340736727
0.011921175659141197
0.011892408111576878
0.011882955178349766
0.011877419029836902
0.01186594619654648
0.011838151409854123
0.011815459504561794
0.011797514339416495
0.011765541238955455
0.011750400419666799
0.011739096095324713
0.011726182028437534
0.011737650082276556
0.011777532707513473
0.011838068731653878
0.011878791211187375
0.011899327478027867
0.011928267899553969
0.011943887979527919
0.011945209800520065
0.011937359871500103
0.011901152812174274
0.011842988334095687
0.01177893488167325
0.011692843389653393
0.011609602522805747
0.011566993045564408
0.01156391558480912
0.011569663025214512
0.01157906935666124
0.011599294824670934
0.011617276704000428
0.011631168235483384
0.011663383698226807
0.011718427752985995
0.011758272229543855
0.011786180856832027
0.011821473934509311
0.011855201984783775
0.011894751666744571
0.011907314045091336
0.01190309335625328
0.011919220537955437
0.01192949171605044
0.011905276145787836
0.01189702186832514
0.011939368066976404
0.012010164874542152
0.012081719459214579
0.012134340159850687
0.01216919454366183
0.012181462333677532
0.012187779487870037
0.012194652200760459
0.012201430337484087
0.012199094608660668
0.012171870836263718
0.012137888630144568
0.01210696163735632
0.01207605335690398
0.012051502067931945
0.012020820767448433
0.011970827458817656
0.011928415489642588
0.011924127866709055
0.011954307880655653
0.011985624129565525
0.01199969730199144
0.012021224255392683
0.012057013299629507
0.012092412121803675
0.012131719445776307
0.01216288068083609
0.012158562058573116
0.012144701165141523
0.012121859004744648
0.012080246365040268
0.012047626489971874
0.012019122095096164
0.011986535604062109
0.011976874444755039
0.011972870629976198
0.011954832230799664
0.01196380583162834
0.01199801725205271
0.012040621029579946
0.012077513867939142
0.012086187376697428
0.012100483276282202
0.012109234479183332
0.012120599162187896
0.0121510296129598
0.012172734827301876
0.012170624053196862
0.01215448715947538
0.012153958342932732
0.012162648152647709
0.01217899955426982
0.012201501457188955
0.012220435752723538
0.012235405322281982
0.012256318869162243
0.01228524288235283
0.012298518576759817
0.012295235133963594
0.012299390476591836
0.012297210059284313
0.012288714550716428
0.012294955600467838
0.012302395301589851
0.012298373570572722
0.012304135702935518
0.012337953041774643
0.012390064936694183
0.012422290013111004
0.012432912034754657
0.012436404778875039
0.01244091735017877
0.012445993095056462
0.01243749894324264
0.01239530647378225
0.012311676250297176
0.012222871710375869
0.012186467476191617
0.012192741803351255
0.012197106686019428
0.012182343196614867
0.012137982604772333
0.012097711883780764
0.012062297423458924
0.01202286254758712
0.011982733937580833
0.011940258428037951
0.011922625853633101
0.011924136267541173
0.011920428023878302
0.011906132256203862
0.011897734402635921
0.011888082170660993
0.01189400692062969
0.011907701846779448
0.011911581647272051
0.011909158873157074
0.01191049326978512
0.011939914717478121
0.011964133552747452
0.011963511279751562
0.011957390051968692
0.01194886748200706
0.011954707530326843
0.011969479567393358
0.011971460010900587
0.011958860354146927
0.011929701602365124
0.011916578012174155
0.011911776603447503
0.011900444700449314
0.011890591745478706
0.011885105933437763
0.011890005152377791
0.011874020928604248
0.011835333496234623
0.011826208302897547
0.011867664434751853
0.011910004955476955
0.011914327154770428
0.011910634129078373
0.01191404549379149
0.011882575811606408
0.01182200791399928
0.011755810966964302
0.01171388369296465
0.011695650492052193
0.011680634693003346
0.011668090321185336
0.011650328234016004
0.011634865186534669
0.011623272418524419
0.011626146725262071
0.011667598075290312
0.011730102878838857
0.011777247961779013
0.01179973188310877
0.011820492929474607
0.011846835478207016
0.011908566964342789
0.011984785448758965
0.01204183572130395
0.012100628844841704
0.012150690493992531
0.012178836719308484
0.0122004341686896
0.012204405113831645
0.012220221716965442
0.01223066529692091
0.012195112317838229
0.012149387483615737
0.01211396784239031
0.012071938311637722
0.012007471619913435
0.011956562025702664
0.01192077916267421
0.01188350684293627
0.011882484207070452
0.01193656572733273
0.011985583678230443
0.011998171773913881
0.011980859640611945
0.011977959692470055
0.011983891257674642
0.011981926070375083
0.01198911722568981
0.012012146888714268
0.012029510055510772
0.012046430797399098
0.01206916075547205
0.01210901321445451
0.012143050618519058
0.012149025907069405
0.012173135441731328
0.01220241841635546
0.012212867737245427
0.012221084201503302
0.012222191725939753
0.012231275816812012
0.01222848448463073
0.012201195228567255
0.012195755955137763
0.012190290535805217
0.012169214185945939
0.01216975017828338
0.012173855692762893
0.012147167266868814
0.012103251467856483
0.01207005590095945
0.012048086999885937
0.012042810771220906
0.012023955717257482
0.011991661322216149
0.011960689355492668
0.011932752956546349
0.01190182423055773
0.011853034579970495
0.011813875144443318
0.01178232207919549
0.01174665985362236
0.011705236583419711
0.01165142662172997
0.011604483245924937
0.011574709707791047
0.011556912105899493
0.011549020219764554
0.011547944121843637
0.01157284299700628
0.011602103915286082
0.011614873255284987
0.01163282518214376
0.01164523799676374
0.011646433471796008
0.01164743410399318
0.011657739671475627
0.011667356850452696
0.011653028261385
0.01163634793034261
0.01165294173300956
0.01168919117947373
0.011710024349603951
0.011707438242564898
0.011683310961408499
0.011666983665914094
0.011679432130102828
0.011693774567938972
0.011689457692532957
0.011703242259668482
0.01174219865125859
0.011763898907865807
0.011749592601462558
0.011721417288852771
0.011727274188789513
0.011748787420853187
0.011755319930310372
0.011758618159839833
0.011766231228229769
0.011768460246388805
0.011737478053226827
0.011713157884509369
0.011743211079919404
0.01179345547520823
0.011817792088982903
0.01181256237085909
0.011800010741139922
0.011805883455706044
0.01183671296551573
0.011869974761610903
