0.232369
0.2159325
0.1999705
0.1848025
0.170677
0.1577835
0.1462495
0.135977
0.1269095
0.11884
0.111595
0.1050835
0.0991495
0.093772
0.0888405
0.0842885
0.0800625
0.0761155
0.072447
0.0690085
0.0657965
0.0628145
0.060057
0.0574995
0.0551645
0.053011
0.0510025
0.0491635
0.047414
0.045764
0.044196
0.0426995
0.04128
0.039913
0.038628
0.037411
0.0362645
0.035174
0.0341405
0.0331655
0.0322205
0.031331
0.0304975
0.029711
0.0289455
0.0281965
0.0274675
0.0267615
0.0260805
0.0254385
0.0247985
0.02418
0.0235565
0.022974
0.0223865
0.02182
0.021267
0.020722
0.0202015
0.019698
0.0192235
0.018775
0.0183315
0.0178885
0.0174635
0.017036
0.0166215
0.0162055
0.015792
0.0153835
0.014986
0.014618
0.0142495
0.0138955
0.013568
0.0132635
0.0129625
0.012655
0.012349
0.0120545
0.0117895
0.0115375
0.011322
0.01112
0.010938
0.0107825
0.010651
0.0105345
0.010436
0.010351
0.0102815
0.0102135
0.010119
0.0100155
0.0098995
0.009753
0.00959
0.009418
0.009236
0.009057
0.0088755
0.0086895
0.0085215
0.008373
0.0082285
0.008086
0.0079525
0.0078325
0.0077215
0.0076035
0.0074795
0.0073565
0.0072235
0.007087
0.006945
0.006804
0.0066565
0.0065125
0.006389
0.0062695
0.0061555
0.00605
0.005953
0.005852
0.0057555
0.0056685
0.0055925
0.0055285
0.0054575
0.005378
0.005289
0.0052
0.005102
0.0050025
0.0048965
0.004791
0.004684
0.004568
0.0044455
0.0043245
0.004209
0.004091
0.003979
0.0038685
0.003755
0.0036475
0.0035355
0.0034245
0.0033125
0.0031975
0.0030795
0.0029675
0.0028565
0.002749
0.0026495
0.0025625
0.00248
0.0023995
0.0023185
0.0022425
0.0021755
0.0021175
0.0020615
0.00201
0.0019585
0.001903
0.001852
0.001801
0.001743
0.0016825
0.0016215
0.001562
0.001506
0.001449
0.0013885
0.00133
0.001269
0.0012025
0.001142
0.001087
0.0010355
0.000985
0.000943
0.000906
0.0008765
0.000855
0.0008385
0.0008275
0.0008135
0.0008005
0.000784
0.0007645
0.0007435
0.0007225
0.0007005
0.0006815
0.00066
0.0006365
0.000615
0.0005915
0.0005705
0.0005565
0.000546
0.0005385
0.0005305
0.000523
0.000514
0.000503
0.0004895
0.0004765
0.0004635
0.00045
0.00044
0.0004285
0.000419
0.0004115
0.000409
0.000407
0.0004065
0.000408
0.0004095
0.00041
0.000411
0.0004105
0.000409
0.000406
0.0004055
0.0004045
0.0004055
0.000407
0.00041
0.000412
0.000415
0.0004175
0.0004175
0.0004135
0.000407
0.000398
0.000389
0.000381
0.000375
0.000371
0.000367
0.0003625
0.000359
0.0003555
0.000351
0.000345
0.0003375
0.00033
0.0003215
0.000313
0.000304
0.000293
0.0002805
0.000268
0.000257
0.000247
0.0002385
0.000233
0.0002285
0.000224
0.000222
0.000221
0.000219
0.0002155
0.0002115
0.0002065
0.000203
0.0001995
0.0001945
0.000193
0.000192
0.0001905
0.000189
0.000188
0.0001885
0.000189
0.0001905
0.0001925
0.0001955
0.000199
0.000203
0.000207
0.000209
0.000209
0.0002035
0.000196
0.00019
0.000185
0.000182
0.0001805
0.0001785
0.0001745
0.0001685
0.000159
0.0001485
0.0001365
0.0001245
0.0001145
0.000106
9.8e-5
8.85e-5
7.9e-5
6.75e-5
5.5e-5
4.35e-5
3.05e-5
2.2e-5
1.55e-5
9.0e-6
4.0e-6
1.0e-6
0.0
0.0
0.0
0.0
0.0
0.0
0.0
0.0
0.0
0.0
0.0
0.0
0.0
0.0
0.0
0.0
0.0
0.0
0.0
0.0
0.0
0.0
0.0
0.0
0.0
0.0
0.0
0.0
0.0
0.0
0.0
0.0
0.0
0.0
0.0
0.0
0.0
0.0
0.0
0.0
0.0
0.0
0.0
0.0
0.0
0.0
0.0
0.0
0.0
0.0
0.0
0.0
0.0
0.0
0.0
0.0
0.0
0.0
0.0
0.0
0.0
0.0
0.0
0.0
0.0
0.0
0.0
0.0
0.0
0.0
0.0
0.0
0.0
0.0
0.0
0.0
0.0
0.0
0.0
0.0
0.0
0.0
0.0
0.0
0.0
0.0
0.0
0.0
0.0
0.0
0.0
0.0
0.0
0.0
0.0
0.0
0.0
0.0
0.0
0.0
0.0
0.0
0.0
0.0
0.0
0.0
0.0
0.0
0.0
0.0
0.0
0.0
0.0
0.0
0.0
0.0
0.0
0.0
0.0
0.0
0.0
0.0
0.0
0.0
0.0
0.0
0.0
0.0
0.0
0.0
0.0
0.0
0.0
0.0
0.0
0.0
0.0
0.0
0.0
0.0
0.0
0.0
0.0
0.0
0.0
0.0
0.0
0.0
0.0
0.0
0.0
0.0
0.0
0.0
0.0
0.0
0.0
0.0
0.0
0.0
0.0
0.0
0.0
0.0
0.0
0.0
0.0
0.0
0.0
0.0
0.0
0.0
0.0
0.0
0.0
0.0
0.0
0.0
0.0
0.0
0.0
0.0
0.0
0.0
0.0
0.0
0.0
