0.767631
0.7511945
0.734913
0.718846
0.703097
0.687684
0.6726655
0.658001
0.6437055
0.6297145
0.6160075
0.6025615
0.589367
0.5764325
0.563757
0.551347
0.5391655
0.527213
0.515497
0.504019
0.4927605
0.4817375
0.4709395
0.4603415
0.449959
0.4397995
0.4298415
0.4201025
0.41058
0.401258
0.392135
0.3832215
0.3745125
0.3659945
0.3576795
0.3495865
0.3416965
0.334005
0.3264925
0.319161
0.3120035
0.3050105
0.2981775
0.29151
0.285037
0.278729
0.272566
0.266566
0.260714
0.2550005
0.2493905
0.2438975
0.2385075
0.233242
0.2280835
0.223035
0.21811
0.213304
0.2086075
0.2040075
0.1995045
0.1951125
0.190814
0.186621
0.1825105
0.1784845
0.1745355
0.1706685
0.166897
0.163203
0.159581
0.156054
0.152619
0.149267
0.1459865
0.142775
0.139611
0.1365025
0.1334645
0.1304935
0.1275865
0.1247455
0.121961
0.1192325
0.1165595
0.1139375
0.1113675
0.1088505
0.1063985
0.104
0.101665
0.099389
0.097168
0.0950055
0.092892
0.090815
0.0887885
0.0868165
0.0848965
0.0830175
0.081189
0.0793995
0.077651
0.0759435
0.0742715
0.072646
0.0710575
0.069507
0.067987
0.066499
0.0650385
0.0636055
0.062196
0.060816
0.059469
0.0581645
0.0568855
0.055641
0.054425
0.0532385
0.0520745
0.050929
0.0498115
0.048719
0.0476515
0.0466065
0.0455935
0.044606
0.0436395
0.0426955
0.04177
0.0408675
0.039986
0.039128
0.038286
0.0374615
0.036657
0.035874
0.0351155
0.0343745
0.0336495
0.0329425
0.0322495
0.031574
0.030917
0.030274
0.0296415
0.029019
0.0284105
0.027819
0.0272405
0.026675
0.0261265
0.025588
0.0250575
0.0245355
0.024028
0.023527
0.023035
0.0225605
0.0220965
0.0216405
0.021194
0.020756
0.0203275
0.0199065
0.019495
0.0190895
0.01869
0.018295
0.0179075
0.0175295
0.017161
0.016804
0.0164555
0.0161115
0.015774
0.0154415
0.0151135
0.0147895
0.01447
0.0141585
0.013852
0.013553
0.0132585
0.0129665
0.01268
0.0124035
0.012136
0.0118715
0.011614
0.0113585
0.011107
0.0108595
0.010615
0.0103745
0.0101385
0.0099045
0.009671
0.0094415
0.009217
0.008995
0.008776
0.008561
0.0083515
0.0081465
0.007948
0.0077535
0.0075655
0.007385
0.007209
0.007037
0.006867
0.0066985
0.006533
0.0063715
0.0062145
0.0060635
0.0059175
0.0057735
0.0056345
0.0054995
0.005366
0.0052345
0.005105
0.004982
0.0048625
0.004746
0.0046335
0.0045215
0.0044105
0.004301
0.004193
0.004087
0.003984
0.003884
0.00379
0.0036995
0.0036125
0.003529
0.003448
0.003369
0.003292
0.003218
0.003145
0.0030735
0.0030025
0.002935
0.002869
0.0028045
0.0027415
0.00268
0.0026195
0.002559
0.002501
0.002445
0.0023905
0.0023365
0.002283
0.0022305
0.0021795
0.0021295
0.0020805
0.0020355
0.001992
0.00195
0.001909
0.0018685
0.001828
0.001788
0.001748
0.001708
0.0016695
0.0016335
0.0015985
0.001564
0.001531
0.0014985
0.0014675
0.001437
0.001407
0.001378
0.00135
0.001323
0.0012965
0.001271
0.0012455
0.0012205
0.001196
0.001172
0.0011485
0.001125
0.0011015
0.0010785
0.0010565
0.0010355
0.001016
0.000997
0.000978
0.000959
0.00094
0.000921
0.0009025
0.000884
0.0008655
0.0008475
0.00083
0.000813
0.000797
0.000781
0.000765
0.0007495
0.000734
0.0007185
0.000703
0.0006885
0.0006745
0.0006605
0.0006465
0.0006325
0.0006185
0.0006055
0.0005925
0.0005795
0.0005675
0.0005555
0.0005435
0.000532
0.000521
0.000511
0.000502
0.000493
0.0004845
0.000476
0.0004675
0.0004595
0.0004515
0.0004435
0.0004355
0.0004275
0.0004195
0.0004115
0.0004035
0.0003955
0.0003875
0.0003795
0.0003715
0.000364
0.000357
0.00035
0.000343
0.000336
0.0003295
0.000323
0.0003165
0.00031
0.0003035
0.000297
0.0002905
0.000284
0.0002775
0.000271
0.0002645
0.0002585
0.0002525
0.0002465
0.0002405
0.0002345
0.0002285
0.0002225
0.0002165
0.0002105
0.0002045
0.0001985
0.0001925
0.0001865
0.0001805
0.0001745
0.0001685
0.0001625
0.0001565
0.0001505
0.0001445
0.0001385
0.0001325
0.0001265
0.0001205
0.0001145
0.0001085
0.0001025
9.65e-5
9.15e-5
8.65e-5
8.15e-5
7.65e-5
7.15e-5
6.65e-5
6.15e-5
5.65e-5
5.15e-5
4.65e-5
4.15e-5
3.65e-5
3.15e-5
2.65e-5
2.15e-5
1.65e-5
1.2e-5
9.0e-6
7.5e-6
6.5e-6
5.5e-6
4.5e-6
3.5e-6
2.5e-6
1.5e-6
5.0e-7
0.0
0.0
0.0
0.0
0.0
0.0
0.0
0.0
0.0
0.0
0.0
0.0
0.0
0.0
0.0
0.0
0.0
0.0
0.0
0.0
0.0
0.0
0.0
0.0
0.0
0.0
0.0
0.0
0.0
0.0
0.0
0.0
0.0
0.0
0.0
0.0
0.0
0.0
0.0
0.0
0.0
0.0
0.0
0.0
0.0
0.0
0.0
0.0
0.0
0.0
0.0
0.0
0.0
0.0
0.0
0.0
0.0
0.0
0.0
0.0
0.0
0.0
0.0
0.0
0.0
0.0
0.0
0.0
0.0
0.0
0.0
0.0
0.0
0.0
0.0
0.0
0.0
0.0
0.0
0.0
0.0
0.0
0.0
