0.232369
0.2159325
0.199825
0.1843305
0.169626
0.15592
0.143322
0.131834
0.121453
0.1120395
0.1034645
0.0956645
0.0884885
0.081918
0.075877
0.07031
0.0651635
0.0603825
0.055975
0.051884
0.048096
0.04462
0.0414265
0.038493
0.035809
0.033344
0.031064
0.0289565
0.0269975
0.0251995
0.0235365
0.021998
0.020581
0.0192445
0.0180015
0.0168415
0.015757
0.014746
0.0137965
0.012923
0.0121035
0.0113395
0.0106285
0.0099545
0.0093215
0.008717
0.0081465
0.0076055
0.007102
0.006636
0.006195
0.005777
0.0053815
0.00501
0.0046575
0.004336
0.004037
0.00376
0.0035085
0.0032785
0.0030635
0.002862
0.002672
0.0024925
0.0023225
0.0021635
0.0020145
0.001876
0.001746
0.001622
0.001505
0.0014005
0.001305
0.001216
0.0011355
0.001059
0.000985
0.000914
0.0008455
0.0007815
0.0007235
0.000672
0.000624
0.0005775
0.000534
0.000494
0.0004565
0.0004215
0.000387
0.000357
0.000329
0.000302
0.000276
0.000252
0.00023
0.000209
0.000191
0.000174
0.0001575
0.000142
0.000127
0.0001135
0.0001
8.85e-5
7.9e-5
7.1e-5
6.45e-5
5.9e-5
5.35e-5
4.9e-5
4.5e-5
4.15e-5
3.8e-5
3.45e-5
3.1e-5
2.85e-5
2.6e-5
2.35e-5
2.1e-5
1.85e-5
1.6e-5
1.35e-5
1.2e-5
1.05e-5
9.0e-6
7.5e-6
6.0e-6
4.5e-6
3.0e-6
1.5e-6
0.0
0.0
0.0
0.0
0.0
0.0
0.0
0.0
0.0
0.0
0.0
0.0
0.0
0.0
0.0
0.0
0.0
0.0
0.0
0.0
0.0
0.0
0.0
0.0
0.0
0.0
0.0
0.0
0.0
0.0
0.0
0.0
0.0
0.0
0.0
0.0
0.0
0.0
0.0
0.0
0.0
0.0
0.0
0.0
0.0
0.0
0.0
0.0
0.0
0.0
0.0
0.0
0.0
0.0
0.0
0.0
0.0
0.0
0.0
0.0
0.0
0.0
0.0
0.0
0.0
0.0
0.0
0.0
0.0
0.0
0.0
0.0
0.0
0.0
0.0
0.0
0.0
0.0
0.0
0.0
0.0
0.0
0.0
0.0
0.0
0.0
0.0
0.0
0.0
0.0
0.0
0.0
0.0
0.0
0.0
0.0
0.0
0.0
0.0
0.0
0.0
0.0
0.0
0.0
0.0
0.0
0.0
0.0
0.0
0.0
0.0
0.0
0.0
0.0
0.0
0.0
0.0
0.0
0.0
0.0
0.0
0.0
0.0
0.0
0.0
0.0
0.0
0.0
0.0
0.0
0.0
0.0
0.0
0.0
0.0
0.0
0.0
0.0
0.0
0.0
0.0
0.0
0.0
0.0
0.0
0.0
0.0
0.0
0.0
0.0
0.0
0.0
0.0
0.0
0.0
0.0
0.0
0.0
0.0
0.0
0.0
0.0
0.0
0.0
0.0
0.0
0.0
0.0
0.0
0.0
0.0
0.0
0.0
0.0
0.0
0.0
0.0
0.0
0.0
0.0
0.0
0.0
0.0
0.0
0.0
0.0
0.0
0.0
0.0
0.0
0.0
0.0
0.0
0.0
0.0
0.0
0.0
0.0
0.0
0.0
0.0
0.0
0.0
0.0
0.0
0.0
0.0
0.0
0.0
0.0
0.0
0.0
0.0
0.0
0.0
0.0
0.0
0.0
0.0
0.0
0.0
0.0
0.0
0.0
0.0
0.0
0.0
0.0
0.0
0.0
0.0
0.0
0.0
0.0
0.0
0.0
0.0
0.0
0.0
0.0
0.0
0.0
0.0
0.0
0.0
0.0
0.0
0.0
0.0
0.0
0.0
0.0
0.0
0.0
0.0
0.0
0.0
0.0
0.0
0.0
0.0
0.0
0.0
0.0
0.0
0.0
0.0
0.0
0.0
0.0
0.0
0.0
0.0
0.0
0.0
0.0
0.0
0.0
0.0
0.0
0.0
0.0
0.0
0.0
0.0
0.0
0.0
0.0
0.0
0.0
0.0
0.0
0.0
0.0
0.0
0.0
0.0
0.0
0.0
0.0
0.0
0.0
0.0
0.0
0.0
0.0
0.0
0.0
0.0
0.0
0.0
0.0
0.0
0.0
0.0
0.0
0.0
0.0
0.0
0.0
0.0
0.0
0.0
0.0
0.0
0.0
0.0
0.0
0.0
0.0
0.0
0.0
0.0
0.0
0.0
0.0
0.0
0.0
0.0
0.0
0.0
0.0
0.0
0.0
0.0
0.0
0.0
0.0
0.0
0.0
0.0
0.0
0.0
0.0
0.0
0.0
0.0
0.0
0.0
0.0
0.0
0.0
0.0
0.0
0.0
0.0
0.0
0.0
0.0
0.0
