0.818319
0.802733
0.787271
0.77204
0.75708
0.7424745
0.7281925
0.7142475
0.700595
0.687228
0.674111
0.661243
0.648603
0.6361825
0.623967
0.6119535
0.600132
0.5884675
0.5769955
0.565719
0.5546365
0.5437495
0.533068
0.5225705
0.512272
0.5021715
0.492259
0.482523
0.4729535
0.463543
0.454307
0.4452765
0.4364325
0.42778
0.419309
0.4109945
0.402844
0.3948305
0.386963
0.37926
0.371716
0.364336
0.357112
0.350034
0.3431005
0.3363095
0.3296655
0.323171
0.3168225
0.310608
0.304535
0.2985865
0.2927605
0.287046
0.2814435
0.2759465
0.270565
0.265298
0.260144
0.255103
0.2501715
0.245355
0.240649
0.2360285
0.231487
0.2270295
0.222654
0.2183485
0.2141165
0.209958
0.205899
0.2019245
0.198037
0.1942275
0.1904935
0.1868325
0.183245
0.179713
0.1762455
0.1728295
0.169485
0.166213
0.1630015
0.1598565
0.1567745
0.1537525
0.150793
0.147896
0.145063
0.1422885
0.1395715
0.1369065
0.134298
0.131744
0.129248
0.1268005
0.124398
0.122042
0.119743
0.1175035
0.115321
0.113184
0.1110915
0.1090385
0.107032
0.105068
0.1031425
0.1012545
0.099413
0.0975985
0.09581
0.0940525
0.092323
0.0906205
0.0889525
0.0873125
0.085701
0.0841205
0.082571
0.081046
0.0795485
0.078085
0.076649
0.0752375
0.0738515
0.0724895
0.071149
0.069827
0.0685315
0.067255
0.065995
0.0647555
0.06355
0.0623705
0.061212
0.0600745
0.058956
0.057853
0.056776
0.055726
0.054699
0.0536935
0.052702
0.051727
0.05077
0.049828
0.0489015
0.047989
0.04709
0.0462145
0.0453565
0.044511
0.04368
0.042865
0.0420595
0.0412675
0.0404905
0.0397245
0.038975
0.0382345
0.037511
0.0368045
0.0361135
0.0354355
0.034769
0.034114
0.033468
0.032828
0.0321975
0.031582
0.030977
0.030381
0.029796
0.0292225
0.0286565
0.028098
0.027549
0.027012
0.0264855
0.0259715
0.0254665
0.024973
0.0244885
0.02401
0.02354
0.0230775
0.0226245
0.0221785
0.021742
0.021315
0.020898
0.020486
0.0200835
0.0196885
0.0193025
0.018924
0.01855
0.0181835
0.017822
0.0174645
0.017111
0.0167625
0.0164215
0.016091
0.015771
0.0154595
0.015155
0.014857
0.014563
0.0142725
0.013986
0.0137065
0.013429
0.013158
0.0128895
0.0126235
0.0123615
0.0121055
0.0118545
0.0116085
0.011366
0.011125
0.010885
0.010651
0.010418
0.0101915
0.0099695
0.0097555
0.009547
0.009344
0.009146
0.008955
0.0087665
0.008585
0.0084085
0.008237
0.008069
0.007906
0.0077485
0.0075965
0.0074475
0.0072985
0.0071515
0.007006
0.0068635
0.006722
0.0065885
0.006458
0.006329
0.006203
0.0060785
0.005955
0.0058335
0.0057135
0.005595
0.005479
0.0053665
0.0052575
0.005149
0.005042
0.004938
0.004837
0.00474
0.0046475
0.0045565
0.0044675
0.0043785
0.0042915
0.0042075
0.0041235
0.0040405
0.003959
0.003879
0.0038025
0.0037275
0.0036535
0.0035815
0.0035105
0.003441
0.0033735
0.0033085
0.003247
0.003187
0.003128
0.00307
0.0030145
0.002959
0.0029045
0.00285
0.002798
0.002746
0.002696
0.002647
0.0025985
0.0025525
0.002507
0.0024635
0.00242
0.0023765
0.002334
0.0022935
0.002253
0.002213
0.002173
0.002133
0.002093
0.002053
0.002013
0.001973
0.0019335
0.0018945
0.0018555
0.001817
0.001781
0.0017465
0.001712
0.0016775
0.001643
0.0016085
0.001575
0.001542
0.001509
0.001476
0.001443
0.001411
0.0013795
0.001349
0.0013205
0.0012925
0.0012655
0.0012405
0.001216
0.001192
0.001169
0.0011465
0.001125
0.0011035
0.001082
0.0010605
0.001039
0.0010175
0.000996
0.0009745
0.000953
0.0009315
0.00091
0.0008885
0.000867
0.0008455
0.0008245
0.0008035
0.0007825
0.0007615
0.0007405
0.0007195
0.0006985
0.0006775
0.000657
0.000637
0.0006175
0.000598
0.0005795
0.000562
0.0005445
0.0005275
0.0005105
0.0004935
0.0004765
0.0004595
0.000443
0.0004265
0.00041
0.0003935
0.000377
0.0003605
0.000344
0.0003275
0.0003115
0.000297
0.0002825
0.000268
0.0002535
0.00024
0.0002275
0.000215
0.0002025
0.00019
0.000178
0.0001665
0.000155
0.0001435
0.000133
0.0001235
0.0001145
0.000106
9.8e-5
9.0e-5
8.25e-5
7.55e-5
6.9e-5
6.25e-5
5.6e-5
5.0e-5
4.5e-5
4.05e-5
3.6e-5
3.15e-5
2.7e-5
2.25e-5
1.8e-5
1.35e-5
1.0e-5
7.0e-6
5.0e-6
3.0e-6
1.0e-6
5.0e-7
0.0
0.0
0.0
0.0
0.0
0.0
0.0
0.0
0.0
0.0
0.0
0.0
0.0
0.0
0.0
0.0
0.0
0.0
0.0
0.0
0.0
0.0
0.0
0.0
0.0
0.0
0.0
0.0
0.0
0.0
0.0
0.0
0.0
0.0
0.0
0.0
0.0
0.0
0.0
0.0
0.0
0.0
0.0
0.0
0.0
0.0
0.0
0.0
0.0
0.0
0.0
0.0
0.0
0.0
0.0
0.0
0.0
0.0
0.0
0.0
0.0
0.0
0.0
0.0
0.0
0.0
0.0
0.0
0.0
0.0
0.0
0.0
0.0
0.0
0.0
0.0
0.0
0.0
0.0
0.0
0.0
0.0
0.0
