0.197924375
0.18249862966666666
0.16769451766666665
0.15386064033333333
0.141254311
0.13001125766666666
0.12014534066666667
0.111567047
0.10410893833333333
0.09757116933333333
0.09177642233333333
0.086598266
0.08195937566666667
0.07779602166666667
0.074050364
0.07067082133333333
0.06761276133333333
0.064840406
0.06232423733333333
0.06003849633333333
0.05796235166666667
0.05607527933333333
0.054359522
0.05279939533333333
0.05138060366666666
0.050092190333333335
0.048921841333333334
0.047861208333333335
0.046900028333333336
0.04603000533333333
0.04524269733333333
0.044533219666666665
0.043894879
0.04332141566666667
0.042805833
0.042342803
0.04192751866666666
0.04155788333333333
0.041230298666666665
0.040940996333333333
0.040686617
0.04046315466666667
0.04026758666666667
0.040097809666666664
0.03995206033333333
0.039828856
0.03972611166666667
0.03964201
0.03957418766666667
0.039521309666666664
0.039482666
0.03945459566666667
0.03943405033333333
0.039419038
0.039406526666666664
0.039398552
0.03939439633333333
0.039393255
0.03939354466666667
0.03939432666666667
0.039395367333333334
0.039397038333333335
0.03939861533333333
0.039400996333333334
0.039405047
0.03941143033333333
0.03941738333333333
0.039421678
0.039422515666666665
0.039419719666666665
0.03941429866666667
0.03940473333333333
0.03939137
0.039376716666666665
0.03936070333333333
0.039345658666666665
0.03933265166666667
0.039321768
0.03931235733333333
0.03930161333333333
0.039287688333333334
0.03927120466666666
0.03925264233333333
0.03923333366666667
0.03921312
0.039192077
0.03917047433333333
0.03914875166666667
0.039125669
0.03910266466666667
0.039079847333333334
0.039057288333333336
0.03903533133333333
0.039013870666666665
0.03899348033333333
0.038974468
0.03895651033333333
0.03893816133333333
0.03891953133333333
0.03890128566666667
0.038883525
0.03886652966666666
0.038849438666666666
0.038830623
0.038810012
0.03878927066666667
0.03876982933333333
0.03875231666666667
0.038736620666666666
0.038722608
0.038708565333333333
0.038694711
0.03868161333333334
0.038668127
0.038653377
0.038638368
0.038623501666666664
0.038609554
0.038596716
0.03858623333333333
0.03857617866666667
0.038566588
0.038559513
0.03855397333333333
0.038550087
0.038546331333333336
0.03854248066666666
0.038539823
0.038538061666666665
0.038535669333333335
0.038532659
0.038528562
0.03852520266666667
0.03852505033333333
0.03852681066666667
0.03852951833333333
0.038532831
0.038537024333333336
0.03854127533333333
0.03854708166666666
0.03855181966666667
0.038554760333333334
0.038556195
0.03855654433333333
0.038555998333333334
0.038554367
0.038551492666666666
0.038547862
0.038544051333333336
0.03853990733333333
0.03853562866666667
0.038532592666666664
0.03852978533333333
0.038526887333333336
0.038525823333333334
0.038527012666666666
0.038530542
0.03853614066666667
0.038542660666666666
0.038548714666666664
0.03855416733333333
0.038559382333333336
0.03856266233333333
0.038564247
0.03856574633333333
0.038567316666666664
0.038569159
0.03857182033333333
0.038574382666666664
0.038575326
0.03857304633333333
0.038570430333333336
0.03856607533333333
0.038561209666666665
0.03855606833333333
0.038551776333333336
0.038548753666666664
0.03854927266666667
0.03855290166666667
0.038558198
0.038565132333333335
0.038573231666666666
0.038580904666666666
0.03858797866666667
0.03859416066666667
0.038599284666666664
0.03860240533333333
0.03860272
0.038600272
0.038595478
0.03858887366666667
0.038580713333333336
0.03857254366666667
0.038563689
0.03855339966666667
0.03854161133333334
0.038527996333333335
0.038512939
0.038494586666666664
0.03847550366666667
0.038455357333333336
0.03843336133333333
0.038409561333333335
0.03838419666666667
0.03835832833333333
0.038334430333333336
0.038313202666666664
0.03829601866666667
0.038281761666666664
0.03827133233333333
0.038264094666666665
0.038258705
0.03825523733333333
0.03825295866666667
0.038251825333333336
0.03825216233333333
0.03825464666666667
0.038259689
0.03826810333333333
0.038278074
0.03828931633333333
0.038299616333333335
0.038309261
0.03831799733333333
0.038326128
0.03833403666666667
0.038340988
0.03834785933333333
0.038355431
0.03836357866666667
0.03837369733333333
0.03838544233333333
0.038398093333333334
0.038411667
0.03842593366666667
0.038439753
0.03845184833333333
0.038461600666666665
0.038468903
0.038475216
0.038479975
0.03848403933333333
0.03848741333333333
0.038491210666666664
0.03849528533333333
0.03849918866666667
0.038500234333333334
0.038499
0.038496026333333336
0.03849147
0.038487156333333335
0.038484179
0.038483032
0.038483953
0.038486203
0.038488757
0.038492033333333335
0.038494559
0.03849756666666666
0.03850011466666667
0.038501727
0.038503703
0.038506944333333334
0.038509759
0.038512777666666664
0.038516292
0.038520693333333335
0.03852443766666667
0.03852868466666667
0.03853336466666667
0.03853895633333333
0.03854396
0.038549606
0.038554630666666666
0.03855883
0.03856271966666667
0.038565641666666664
0.038568091666666665
0.038569334
0.03856903266666667
0.03856675266666667
0.038562470333333335
0.038558535666666664
0.038554752
0.038549595666666665
0.038543807666666666
0.038536377
0.038528081666666665
0.038519088
0.038510979333333334
0.03850505866666667
0.038501415666666663
0.03849954233333333
0.038497895666666664
0.038497612
0.03849886366666667
0.03849886166666667
0.038495361
0.03849082833333333
0.03848575233333333
0.038480632333333334
0.038475758666666665
0.03846959033333333
0.038461773666666664
0.038454404
0.038446761333333336
0.03843897933333333
0.038430726
0.038423361333333336
0.038414375333333334
0.03840317733333334
0.03839055166666667
0.03837765566666667
0.038365488333333336
0.03835525633333333
0.038347154
0.038340373
0.038334653333333336
0.03832928433333333
0.038325271
0.038323428
0.038323471
0.038323603
0.038323296666666666
0.03832286733333334
0.038321431
0.03832012
0.038317368
0.038315267
0.038313207
0.038311166333333334
0.038309619
0.03830924833333333
0.038310438333333335
0.038312968333333336
0.038316547
0.038321033666666664
0.038325265
0.038327365333333335
0.03832861866666667
0.03832951466666667
0.038328801333333336
0.03832624766666667
0.038322493666666665
0.038318524
0.03831644133333333
0.038315453666666666
0.038316079
0.03831888966666667
0.03832306966666667
0.038328333
0.03833446
0.038339984333333334
0.038344969
0.03834911233333333
0.038353738
0.038359214333333336
0.038365420666666664
0.03837214866666667
0.038379700333333336
0.03838732066666667
0.03839357166666667
0.038397892333333336
0.038399951
0.038400506333333334
0.03840006233333333
0.03839826266666667
0.038397839333333336
0.03839947566666667
0.03840193966666667
0.03840516433333333
0.038407144666666664
0.03840980966666667
0.038411849
0.038412043
0.03841031833333333
0.038407918666666666
0.038406004333333334
0.03840660233333333
0.03841002833333333
0.03841501133333333
0.03842243633333333
0.03843053166666666
0.038438925
0.038448421
0.038457534333333335
0.03846655166666667
0.03847488933333333
0.038482034666666665
0.038488003666666666
0.038493133666666665
0.038497813
0.03850182866666667
0.03850579333333334
0.03850939166666666
0.038513238666666665
0.03851751666666667
0.038522606333333334
0.03852891666666667
0.03853590866666667
0.038542787
0.038547026
0.038550684
0.038553204
0.038556556666666665
0.03855975
0.03856310466666667
0.038566983666666665
0.038572506666666666
0.03858156
0.03859121866666667
0.038599070666666666
0.03860512433333333
0.038610366666666666
0.038614066333333336
0.03861608466666667
0.038615001333333336
0.038612794666666665
0.03861064633333333
0.038608947
0.038608724
0.038609517
0.038612513
0.038617662
0.038624339333333334
0.038631712
0.038640655
0.038649361666666666
0.038657671
0.038666480333333336
0.038674305
0.038680543666666664
0.03868525033333333
0.038687762333333334
0.03868798666666667
0.038686378333333334
0.03868450366666667
0.03868214933333333
0.03867813033333333
0.03867168966666667
0.03866334166666666
0.038654688
0.038645735
0.03863550166666667
0.03862418166666667
0.038612316
0.03860112466666667
0.038590599333333336
0.038581105
0.03857399933333333
0.038568613333333335
0.038566044
0.03856330166666667
0.03856059033333333
0.038559516333333335
0.038559794
0.038560295333333335
0.038562677
0.03856681
0.03857356866666667
0.038582695
0.038594578666666664
0.03860844
0.03862336833333333
0.038637923666666664
0.038650338
0.03866185766666667
0.03867126566666667
0.038679664
0.038685715
0.038690317333333335
0.03869369833333333
0.03869339866666666
0.03868970133333333
0.03868282666666667
0.038671901
0.038656914
0.038639781666666664
0.038622425
0.038606792
0.038591604333333335
0.03857661166666667
0.038561257333333335
0.038544654666666664
0.038525991333333336
0.038505161
0.038482113666666665
0.03845819833333333
0.03843527966666667
0.038415142
0.038397780666666666
0.03838261466666667
0.03836909
0.03835680033333334
0.03834625
0.038336954
0.03832912866666666
0.03832298766666667
0.038318115666666666
0.038315071666666665
