0.818319
0.802733
0.7876405
0.773389
0.760276
0.7484995
0.738139
0.7292355
0.72164
0.715148
0.709523
0.7046425
0.700395
0.6966785
0.6934215
0.690546
0.687964
0.6856515
0.6835855
0.6816975
0.679991
0.678495
0.6771915
0.676056
0.6750805
0.6742975
0.673624
0.673059
0.672563
0.672113
0.6717155
0.671463
0.67132
0.671241
0.671181
0.6710915
0.67095
0.670786
0.6706205
0.670445
0.67024
0.6700495
0.6698435
0.669624
0.6694135
0.669266
0.669199
0.669169
0.6691785
0.6692035
0.6692295
0.6692425
0.669281
0.6692825
0.669241
0.6691855
0.669107
0.6690305
0.6689685
0.6688875
0.6687885
0.668679
0.668543
0.6683815
0.6682005
0.6680265
0.667786
0.667546
0.6673375
0.66713
0.666954
0.666794
0.6666575
0.666534
0.666473
0.666438
0.66643
0.6664325
0.666405
0.666305
0.666168
0.6660415
0.665853
0.6656575
0.665471
0.665309
0.665138
0.6649885
0.66486
0.6647525
0.664656
0.6645685
0.6645155
0.6645115
0.664534
0.664605
0.6646845
0.6647765
0.6648785
0.664981
0.6650735
0.665114
0.6651435
0.665152
0.665172
0.6651545
0.665146
0.6651505
0.665168
0.6651735
0.665163
0.6651295
0.665091
0.6650455
0.665019
0.664983
0.664937
0.6648535
0.664743
0.6645975
0.6644605
0.664333
0.6641925
0.6640835
0.664016
0.663953
0.6639255
0.663868
0.6638225
0.6637875
0.663781
0.6637915
0.6638495
0.6639085
0.663999
0.664126
0.664274
0.6644385
0.6646515
0.664884
0.6651115
0.6653345
0.6655275
0.6656755
0.665827
0.665985
0.6660985
0.6662035
0.666341
0.6665235
0.6667
0.666851
0.666969
0.6670415
0.667066
0.6670555
0.6670425
0.6669755
0.666879
0.666709
0.666505
0.666319
0.666125
0.6659735
0.6658485
0.6657095
0.665567
0.6654405
0.665311
0.665177
0.6650805
0.6650145
0.664978
0.6649915
0.665035
0.6651105
0.665211
0.665314
0.6654015
0.665471
0.6654465
0.665361
0.6652235
0.665099
0.6649615
0.664779
0.664607
0.6644875
0.6643935
0.6643095
0.6642205
0.6641305
0.664028
0.6639815
0.6639905
0.664038
0.664078
0.664138
0.664245
0.6643855
0.664525
0.6646355
0.6647485
0.6648865
0.6650045
0.665164
0.6652975
0.6653965
0.6654805
0.6655165
0.665517
0.6654915
0.6654135
0.665317
0.6651995
0.665097
0.665004
0.664903
0.6647875
0.6646505
0.6645565
0.6644725
0.664339
0.6641785
0.6640305
0.6639105
0.663843
0.663832
0.6639125
0.664053
0.6642225
0.664403
0.6645945
0.664795
0.6649635
0.665084
0.6651715
0.665197
0.665193
0.665147
0.665068
0.66497
0.6648505
0.6647605
0.664719
0.664678
0.6646525
0.66462
0.664566
0.6645715
0.6645705
0.664597
0.6645715
0.664573
0.664587
0.664662
0.6647605
0.6648175
0.6648625
0.664917
0.6649385
0.664919
0.6648775
0.664832
0.664807
0.6647805
0.6647845
0.664823
0.6648615
0.6649
0.6649215
0.664903
0.664847
0.664818
0.664783
0.664761
0.664757
0.664743
0.6647585
0.6648085
0.6648475
0.6648475
0.664863
0.6649015
0.664965
0.665066
0.6651415
0.665217
0.6652675
0.665328
0.6653765
0.6654115
0.665464
0.6655135
0.665568
0.6655985
0.6656635
0.6657385
0.665757
0.66575
0.665688
0.6656075
0.6654745
0.665358
0.665245
0.6651845
0.6651455
0.6651485
0.665178
0.665268
0.665308
0.665317
0.665325
0.665292
0.665267
0.6652545
0.6652305
0.6651395
0.665049
0.6650075
0.664996
0.665052
0.665144
0.665252
0.665401
0.665569
0.6657065
0.665796
0.665896
0.6660025
0.6660725
0.666122
0.6661905
0.666254
0.6663115
0.666387
0.666451
0.666548
0.666618
0.6666795
0.6667095
0.6667005
0.666626
0.6664805
0.6662945
0.666137
0.665982
0.665886
0.66583
0.6657795
0.6657365
0.6657245
0.665723
0.6657395
0.665778
0.6658225
0.6658725
0.6659115
0.665933
0.665962
0.6660405
0.666093
0.666098
0.6660595
0.6659795
0.665874
0.665745
0.6656225
0.66548
0.6653355
0.665177
0.6650375
0.6649205
0.664828
0.6647815
0.6647175
0.6646605
0.6646355
0.6646585
0.664727
0.6647955
0.664843
0.664904
0.664968
0.66505
0.6651395
0.6652425
0.6653665
0.6655215
0.6657235
0.665938
0.666119
0.666314
0.6664915
0.666661
0.6667645
0.6668195
0.6668715
0.666949
0.6670485
0.667108
0.667146
0.667173
0.667193
0.667209
0.6671985
0.6672245
0.6672725
0.667341
0.667415
0.6674955
0.667572
0.667615
0.667649
0.6676385
0.667563
0.667464
0.667374
0.6672545
0.667096
0.6669345
0.6667925
0.666683
0.6666085
0.666518
0.666411
0.6663065
0.6662065
0.6661115
0.666039
0.6659845
0.6658915
0.6657905
0.6656795
0.6656085
0.6655345
0.6654965
0.6655045
0.665546
0.665626
0.665763
0.665946
0.666126
0.6663265
0.6665075
0.666674
0.6668265
0.6669375
0.6670005
0.6670485
0.667139
0.6672055
0.6672595
0.6673305
0.6673725
0.6674025
0.6674175
0.6674105
0.6674115
0.6673805
0.667372
0.667362
0.667354
0.667374
0.667359
0.6673185
0.667268
0.667234
0.667142
0.667053
0.6669615
0.666848
0.666739
0.6666425
0.666571
0.6664835
0.6663815
0.666268
0.66613
0.666016
0.6659355
0.665876
0.6658255
0.6658215
0.6658145
0.665796
0.665746
0.6656705
0.6655665
0.66541
0.6652235
0.6650055
0.664792
0.6645905
0.6644085
0.6642115
0.6640375
0.6639105
0.6638165
0.6637375
