0.026045344587890627
0.022100141165036117
0.015542991196315643
0.011504655131707358
0.00938710920964053
0.008181796694434126
0.0074216496838596935
0.006882469717393155
0.0064590063207775735
0.006106510298276566
0.005806898599055854
0.005552041796910423
0.005335051540818458
0.005147715661559396
0.004983198126102954
0.004837551473699329
0.004708256402827705
0.004593070932193566
0.004489950435408331
0.004397253955768905
0.004313732017996252
0.004238557081264352
0.004171148073581434
0.00411035284892011
0.004055161784683855
0.004005667687485408
0.003962022170362857
0.003923302644737601
0.0038881635824521955
0.003856564916596262
0.0038295602926658487
0.0038066665300180076
0.003786292643965533
0.0037683854575397855
0.0037531428434191146
0.003739923711453196
0.0037285070117528663
0.0037188536330699895
0.0037106876579813225
0.0037034897345521126
0.0036969770231277984
0.003691609929192441
0.003687549187754668
0.0036841195449488287
0.0036809880473199982
0.00367862676745777
0.0036776255551757005
0.003677907169028862
0.0036788452436354838
0.00368001833033126
0.003681040237976077
0.0036820301976977997
0.0036833584311086673
0.0036850495792231795
0.00368754084910927
0.0036904652489285045
0.003692397513571563
0.0036932579603646105
0.0036941629049068035
0.0036954612855163546
0.003696400906819613
0.003696733765600943
0.003697171233149588
0.003697767604676424
0.0036980643139891863
0.0036980279351240767
0.0036978454094567844
0.0036975948172162034
0.0036970626721451114
0.0036959404523516782
0.003694228911043191
0.003692927950110094
0.0036928682146992473
0.0036930448459094674
0.0036927872251614753
0.0036926226231021085
0.0036925459537345048
0.003692229313542707
0.003691302422190335
0.0036898622734486946
0.003688570694159655
0.0036880042296060602
0.003688226669449879
0.003688487083452546
0.003688386962578213
0.00368803455181548
0.0036875187060017153
0.0036872274066460015
0.003687276693200191
0.003687365992985484
0.003687368916475778
0.003686929970684403
0.0036861510564997757
0.00368544326097088
0.003684641747679751
0.003683339930287993
0.003681229776753381
0.003678702619011788
0.0036765091755434935
0.0036749868499762715
0.0036738743119351176
0.003672822149960323
0.0036719821731805552
0.0036715156067840364
0.003671158595043688
0.003670692538629301
0.0036699896906228014
0.0036691347489011274
0.003668646009854129
0.0036688794517343113
0.003669257933110586
0.003669074211100107
0.00366856711493348
0.0036679649767470224
0.003667233617851967
0.0036667821837384203
0.003666995776517338
0.0036676455235841138
0.00366842392945513
0.0036687733473686696
0.0036680681653987602
0.003667115354115716
0.0036669259829279414
0.003667156045839037
0.0036673737487553093
0.0036675618648422943
0.003667620514580663
0.003667795054137004
0.0036685139829925905
0.003669349511398751
0.0036698696748804723
0.0036704050834808002
0.0036710689903781176
0.0036715192040076
0.0036716469400955984
0.003671494766134569
0.0036713522909154806
0.0036712930883643635
0.0036709254270529588
0.0036702945471574614
0.0036698932177536316
0.0036700271300212084
0.003670614368480332
0.003671612622277413
0.003672737071616824
0.0036732312258272223
0.0036726139229989845
0.003671351697335083
0.003670060444423359
0.003668903797726378
0.0036682692217578504
0.003668301905689121
0.003668472925928786
0.003668418799543942
0.0036680548912731894
0.0036676002538583614
0.003667508218679949
0.003668082441274208
0.003668778644745932
0.0036686615102777768
0.0036678057304308856
0.0036667667928498085
0.0036655059905443582
0.003664037075612637
0.00366324133470422
0.0036635612206494176
0.003664523695766013
0.0036655189245617744
0.0036657223222684976
0.0036652696877030396
0.003665060265144487
0.003665033113917202
0.0036648644283124557
0.0036645589832105213
0.0036641754146565695
0.0036639914882427627
0.0036644436961237583
0.0036656828602704126
0.003667408539904328
0.003668799136848736
0.0036691609369137964
0.003669032494818539
0.003669477075776404
0.003670785638864835
0.003672305492243353
0.003673049168862094
0.0036730223749113144
0.003673175524251991
0.0036738082490426526
0.0036742359603371905
0.003673774393750648
0.0036725399790065194
0.0036711804058709597
0.003670039770989577
0.003668962035755011
0.0036682626608757337
0.0036678509347000594
0.0036666543390298395
0.003665069863767285
0.003663780957627839
0.003662510035114672
0.0036613158813528493
0.003660694283307874
0.003660797283638598
0.0036606452121328427
0.0036597309911142587
0.0036584459852261548
0.0036568840439721506
0.003655489315310463
0.0036549485854730328
0.0036552050642052604
0.003655971782880851
0.0036572378033741955
0.0036588774851577417
0.0036602095158673326
0.00366104624751713
0.0036619799849094002
0.0036629150481158755
0.0036636459774154902
0.0036644957582433173
0.0036652861332124986
0.0036657447833882985
0.0036657246014649295
0.0036651469204631707
0.0036643651136678283
0.0036639204067465177
0.003663901626230921
0.0036637750643795392
0.003663413126615641
0.003663237467010553
0.003663471652755264
0.0036637951786528565
0.0036636769765765386
0.0036636983736900745
0.0036642009762291065
0.00366462340040723
0.0036653082984522923
0.0036668533697614787
0.003668956027197846
0.0036707772360513808
0.0036717812162467608
0.003672201849287138
0.0036724198541435954
0.0036724432571283838
0.003672291195905365
0.0036725075806338984
0.0036735569510494693
0.003674621446528072
0.003674982374393597
0.0036749423902632966
0.00367474320946159
0.0036743573181762437
0.0036735038422402964
0.003672031795829465
0.0036702028589309776
0.0036687398950253454
0.0036683525972895305
0.0036686004530246245
0.0036687049452308615
0.0036687364910388738
0.003668895931296545
0.003669210716263716
0.0036696058477268083
0.003669857812874116
0.003669965715782409
0.003669762070863679
0.0036694024416071146
0.003669155719004419
0.003668880242763637
0.0036685467573415054
0.0036682606370266155
0.0036677401002630033
0.003666598169851857
0.003665248888131023
0.003664421839961219
0.0036642581178588838
0.00366446844391968
0.0036650716361302685
0.00366561006611303
0.0036652974426958133
0.003664531549197569
0.0036641077495179735
0.0036637711192697444
0.0036633241489012016
0.003663367492947876
0.0036639613508659165
0.0036645565113365645
0.0036650880922362034
0.0036657071571423007
0.0036661079239014133
0.0036661731595554613
0.0036662301433389825
0.003666499212107863
0.003666814898307466
0.0036670381156280675
0.0036670534933588603
0.0036666222039303314
0.0036659240402477904
0.003665503046261646
0.003665213654019498
0.003664940482274978
0.0036647494916045653
0.003664518412663421
0.003664121681779145
0.0036636036562967228
0.0036635475462907727
0.003664049603943634
0.003664401462671501
0.0036640101980497035
0.0036630587885027126
0.003662468459606265
0.003662493315351565
0.0036626165609353403
0.003662572784024143
0.003662362923327567
0.003662412790070454
0.0036628928142963773
0.0036633653034396233
0.0036636324873728565
0.003663589328657685
0.003663452397394281
0.0036636348614521265
0.0036639211822092708
0.0036639872711552706
0.0036637521676425463
0.003662990536496796
0.003661831246432156
0.0036609073412626008
0.003660438608239491
0.0036602540742357833
0.003660030598960377
0.0036592579200965918
0.0036584094051544183
0.0036582846170593207
0.003658349512650495
0.0036577954882849
0.003656563920458571
0.003654878613044561
0.0036533416245156645
0.0036525007365380375
0.003652380559720857
0.0036529940376058083
0.0036539616388929367
0.0036545554283822857
0.0036543516351263522
0.0036534899896796674
0.0036529008532204033
0.003653262501063612
0.0036542736853093145
0.0036552316479482004
0.0036559137521373296
0.003656159705558929
0.0036558170624399556
0.003655490206659703
0.0036554660485365142
0.0036555436656569673
0.0036564534896959444
0.0036583913095596886
0.003659993339394331
0.003660976783607073
0.0036618544548103417
0.0036625039239615966
0.003662779359042283
0.0036625929130934664
0.0036620599818553107
0.0036615239531805764
0.003661040398378238
0.0036606534520615304
0.0036605860620377633
0.0036605820764236004
0.0036599180527137464
0.003658606115997245
0.003657224075182801
0.0036561763737266934
0.0036557762418516957
0.003655818351200193
0.0036560143488545507
0.0036563054392944054
0.003656609410843559
0.003657065946950181
0.0036573905310200144
0.0036571240494270314
0.003656085787184123
0.0036546690363710777
0.0036539862866947115
0.003654333606620994
0.0036553749195053654
0.003656759684865173
0.0036582482193253957
0.003659678449819597
0.0036605093757338144
0.003660465112983971
0.003660066948122075
0.00365947110794562
0.0036587609728264466
0.0036586886592990197
0.003659440509105877
0.003660409474193774
0.0036608462184668294
0.003660618162697047
0.003660128114921527
0.003659262261693618
0.003658055858466197
0.0036569234839960896
0.0036560943061503272
0.00365590804982746
0.0036562410905019655
0.0036564508930293396
0.003656468112156971
0.00365638207751462
0.003655933117059694
0.003655410734700728
0.003655618112328278
0.003656513025209586
0.003657642425310107
0.0036584566543788645
0.003658442981736767
0.0036583591357306844
0.003659030269571349
0.0036598516614297517
0.003660050996731978
0.0036594352452140027
0.003658391113953238
0.00365763399112949
0.0036575671187877067
0.0036579991105567694
0.00365872053880449
0.003659553974066272
0.003660292611966917
0.0036608648857780492
0.0036611002887936904
0.003660840113589044
0.0036600775687199334
0.0036591366029199747
0.00365842832199942
0.00365783710166425
0.003657391837278555
0.0036574624757933025
0.00365825814835703
0.003659007092365153
0.0036591524092967212
0.0036595170449992866
0.003660198644766409
0.003660432631678386
0.00366015516794363
0.0036597341961176273
0.003659546718458641
0.0036596207959158035
0.0036599737212084133
0.003660655708220485
0.0036615647641660793
0.0036626523806222045
0.003663835208894757
0.00366494551674875
0.003666096714657708
0.0036673177728379007
0.003668074625938747
0.0036680026163296952
0.0036674038448820598
0.003666469207884077
0.0036649801007714506
0.0036633898448502717
0.003662708901489759
0.003662955836583078
0.0036632724983613014
0.0036634394054381233
0.0036638786247011274
0.003664469156425169
0.003665137722425045
0.003666031916402396
0.00366657629456828
0.0036664723896248142
0.0036662790044492246
0.0036659609639004146
0.003665292006309593
0.0036648610741371983
0.003665019164546586
0.0036650917389561962
0.0036645893768119608
0.0036638667135932184
0.003663116161182117
0.003662547035680919
0.0036623752771812504
0.0036625587929227515
0.003663207316416517
0.0036641773433918226
0.0036651679704119786
0.0036659044547638136
0.0036663395391717244
0.0036669637890421347
0.003667799205511601
0.0036684956240150774
0.0036687389667829622
0.003668359183914245
0.0036679030058235735
0.0036683682756580263
0.003669927233780575
0.0036715443443798633
0.003672396380259375
0.0036726101907305886
