0.181681
0.166095
0.151006
0.1367655
0.12368
0.1119575
0.101674
0.0928635
0.085389
0.079037
0.0735625
0.0688345
0.064737
0.0611605
0.0580315
0.0552765
0.0528045
0.050591
0.0486185
0.0468335
0.045233
0.0438375
0.042627
0.04158
0.040687
0.039975
0.039359
0.0388425
0.038388
0.037974
0.0376065
0.0373825
0.037273
0.037224
0.0371805
0.0370955
0.0369665
0.036831
0.036696
0.036558
0.036395
0.0362505
0.0360985
0.0359345
0.03578
0.035691
0.0356845
0.0357215
0.035787
0.0358665
0.0359405
0.035994
0.036082
0.0361295
0.0361355
0.036129
0.036101
0.0360755
0.0360775
0.036064
0.036031
0.035963
0.035865
0.0357315
0.035574
0.0354245
0.035207
0.0349905
0.0348075
0.0346275
0.0344735
0.034336
0.034218
0.034114
0.0340735
0.0340595
0.034076
0.03409
0.034068
0.033969
0.0338335
0.0337075
0.0335255
0.0333465
0.03318
0.0330385
0.0328935
0.0327635
0.032661
0.0325665
0.032478
0.032393
0.03234
0.032337
0.032354
0.0324165
0.0324835
0.032566
0.032654
0.032734
0.032803
0.0328265
0.0328465
0.0328555
0.032888
0.0328855
0.032893
0.0329075
0.0329325
0.0329435
0.0329315
0.0328885
0.0328295
0.032753
0.032697
0.03264
0.032586
0.0325005
0.0323865
0.032244
0.032113
0.031992
0.031855
0.0317425
0.0316755
0.031607
0.0315785
0.0315185
0.031465
0.0314205
0.0314125
0.0314235
0.0314805
0.0315335
0.0316115
0.031719
0.031857
0.0320145
0.032229
0.032465
0.0326975
0.032932
0.0331335
0.03328
0.033429
0.033588
0.0337095
0.0338215
0.033963
0.034144
0.034313
0.0344605
0.0345885
0.03468
0.0347265
0.034737
0.034738
0.034693
0.034622
0.0344855
0.034318
0.0341595
0.033991
0.0338655
0.033767
0.033646
0.03352
0.033408
0.033291
0.033179
0.033109
0.033066
0.033042
0.0330645
0.033109
0.0331865
0.033293
0.033393
0.0334715
0.033523
0.033492
0.033389
0.0332355
0.0330915
0.032942
0.032746
0.0325555
0.0324045
0.032271
0.032152
0.0320305
0.031911
0.0317825
0.0317045
0.0316845
0.0317065
0.03172
0.0317535
0.0318385
0.03196
0.032079
0.032172
0.0322575
0.0323755
0.0324725
0.032611
0.032727
0.0328205
0.032905
0.0329515
0.032961
0.0329435
0.032873
0.032784
0.032673
0.0325725
0.0324825
0.0323855
0.032285
0.032165
0.032091
0.032028
0.0319105
0.0317685
0.0316495
0.0315585
0.031521
0.031532
0.031629
0.031774
0.031956
0.032142
0.0323455
0.0325525
0.032728
0.0328605
0.0329665
0.03301
0.0330165
0.0329755
0.0328975
0.032802
0.0326835
0.0325855
0.032536
0.032481
0.0324405
0.032383
0.032304
0.032288
0.0322745
0.0322925
0.032259
0.032246
0.0322405
0.0322985
0.0323765
0.032419
0.0324575
0.0325085
0.0325365
0.0325155
0.032474
0.0324265
0.032404
0.032378
0.0323665
0.0323885
0.032411
0.0324535
0.0324855
0.032485
0.032446
0.032428
0.0324055
0.032401
0.0324255
0.0324495
0.032508
0.032613
0.032716
0.0327735
0.032836
0.0329205
0.033022
0.033145
0.0332235
0.0332945
0.033338
0.0333875
0.0334215
0.033435
0.033464
0.033498
0.033534
0.033555
0.033615
0.033692
0.033722
0.033726
0.033667
0.033572
0.0334125
0.033269
0.033132
0.033053
0.033004
0.03299
0.0329995
0.0330725
0.033101
0.033097
0.0330995
0.033063
0.033041
0.033033
0.0330085
0.032916
0.032826
0.03279
0.0327905
0.032861
0.0329675
0.033088
0.0332425
0.0334105
0.033535
0.0336075
0.0336935
0.033795
0.0338685
0.0339255
0.034005
0.0340765
0.0341455
0.034227
0.034301
0.0343975
0.0344545
0.0344885
0.0344945
0.0344785
0.0344015
0.03425
0.0340685
0.03392
0.0337785
0.033688
0.0336245
0.0335605
0.0335005
0.0334715
0.0334575
0.03346
0.033496
0.033545
0.0335965
0.033644
0.033679
0.0337235
0.033811
0.033871
0.033881
0.0338505
0.033782
0.033692
0.033578
0.0334595
0.033316
0.033174
0.033
0.0328335
0.032687
0.032569
0.0325065
0.032433
0.032364
0.0323375
0.03236
0.0324165
0.0324515
0.0324625
0.0324775
0.032494
0.032535
0.0325745
0.0326275
0.0327025
0.0328245
0.033006
0.0332185
0.033395
0.0335865
0.0337675
0.033932
0.034024
0.0340655
0.0341105
0.0341865
0.034288
0.0343705
0.0344375
0.034492
0.034536
0.034578
0.0345875
0.0346245
0.0346675
0.034734
0.0347995
0.034874
0.034946
0.03498
0.0350115
0.0350025
0.0349265
0.0348325
0.034744
0.034624
0.0344535
0.034284
0.034121
0.0339825
0.033869
0.0337445
0.0336105
0.0334845
0.0333765
0.03328
0.0332185
0.0331755
0.033097
0.033006
0.0329045
0.032837
0.0327675
0.0327415
0.032769
0.0328305
0.03293
0.033091
0.033302
0.033509
0.0337395
0.0339515
0.034149
0.0343265
0.03445
0.0345135
0.0345585
0.034643
0.034703
0.0347565
0.034827
0.0348695
0.0349085
0.034937
0.0349405
0.034956
0.034954
0.034976
0.035002
0.0350275
0.035067
0.0350625
0.035019
0.0349575
0.034907
0.034801
0.0347
0.034601
0.0344745
0.034351
0.0342375
0.0341475
0.0340375
0.0339145
0.0337865
0.0336365
0.0335175
0.033448
0.033412
0.0333935
0.0334325
0.0334685
0.033494
0.033476
0.0334335
0.0333595
0.0332275
0.0330725
0.032884
0.0326885
0.0324955
0.032316
0.0321255
0.031963
0.031859
0.031791
0.031727
