0.029101653591422444
0.028863820114881127
0.028071298537031903
0.027093695664136764
0.02604297279466097
0.024957063656598524
0.023865609501692107
0.022802399290166284
0.021799323843183272
0.020873433380058194
0.020026499065040414
0.019252416206121375
0.01854481518088051
0.017899402713826996
0.017312233677706148
0.01677895322303792
0.016294121364795803
0.01585186689290674
0.015448332083408735
0.015081053366790886
0.01474709328173441
0.014444442857723097
0.014170028295112776
0.013920214246296745
0.013692468419266026
0.013484965178745822
0.01329674183076806
0.013127182062039113
0.012975640437180688
0.01284141236927877
0.012722820215871409
0.012617678323289434
0.012524835991665994
0.012442569092517609
0.012369451514099995
0.012305040133122298
0.012248892323654897
0.012200345957393905
0.01215858604566133
0.012123491754857203
0.012094232863785304
0.012069833448278925
0.012049749114637132
0.012033663293842187
0.012021293890437544
0.012011902465729512
0.012004715990190968
0.011999314353081872
0.01199591606846153
0.011994824374347145
0.01199708717043787
0.012002432288796579
0.012008835403243906
0.012015649495047643
0.012023276677511088
0.012031159407687635
0.01203846664305501
0.01204516853570062
0.01205140638865237
0.012057338752374304
0.012063045840599222
0.01206781653077355
0.012071686874765451
0.012074796962857263
0.012077000377802802
0.0120782974310882
0.01207865379952391
0.012079158860218367
0.012080502898599426
0.012080878331608768
0.012080513043653224
0.012080699928189866
0.012081222629653315
0.012081467293857192
0.012081198883986614
0.012079746115513233
0.012077604964734506
0.01207615832263541
0.012075750015377725
0.012075838073045214
0.012076207554921016
0.012076567966089776
0.01207647026334266
0.012075845075036475
0.012074592398369792
0.012073453416359965
0.01207199632635578
0.012069882208461032
0.012067002211435108
0.012063524803780623
0.012060080340765375
0.012057015920908893
0.012054243548207666
0.012051816685079651
0.012049317687985962
0.01204555092248936
0.012040411596934508
0.012034720163815384
0.012029077943487829
0.012023589801729653
0.012018430096952545
0.012013442179498474
0.012007249603897376
0.012000457359147057
0.011993970236576642
0.01198809583694911
0.011983249079862984
0.011979802091758444
0.011977908634765284
0.011976976092991556
0.011976195595015775
0.011975846013596105
0.011975880144563128
0.011975882151130577
0.011975464991927615
0.011975465058605668
0.011975783268536069
0.011975488407403437
0.011974315849870519
0.011973223419887508
0.011972180730451774
0.011971225716540553
0.011970548475072715
0.011970126483277168
0.011970257744568636
0.011970817022746306
0.011971690299854607
0.01197230733823497
0.011972524081717126
0.011973007956963507
0.011973373181196019
0.011973212292889996
0.011972454015190393
0.011970719070426582
0.011968853449156748
0.0119681127116772
0.011968285581379655
0.011968665532462492
0.01196981609311283
0.011971648615126786
0.011973720702320745
0.011975949449512116
0.011978421010604789
0.01198099029007641
0.011982303311228234
0.011982184045726622
0.01198144035980847
0.01198047474272089
0.011979672441089653
0.011978690666483991
0.011978565512827123
0.011979434588436706
0.011980350918457831
0.01198077787951438
0.011981339700606261
0.011982481851242153
0.011983737560730562
0.01198469883880427
0.011985616636608151
0.011986702865868728
0.011987704405031115
0.011987559126855035
0.011985963020553485
0.01198432948301117
0.011983524060488566
0.011983481446588975
0.011983763267581337
0.011984173749481023
0.011985265329776064
0.011986428158986548
0.011986608785176826
0.01198604252895714
0.011985570422715261
0.011986238323955588
0.01198797538502737
0.011990286820340246
0.01199268466907927
0.011995023153288178
0.011996867611040225
0.011998407286938026
0.011999581023134887
0.012000369236058633
0.012001778925379914
0.012003549105903835
0.012005481687839128
0.012007678582143865
0.012009714170812383
0.012010596638870467
0.01200978261829449
0.01200694499466739
0.012003426047673118
0.012000833673707476
0.01199894648911033
0.011997268164078777
0.011995306044736132
0.011993228372604149
0.011990618079858215
0.011987265017965024
0.011983435322398404
0.01197872484897769
0.01197406143085737
0.011970540659330694
0.011967396340559634
0.011963363612542563
0.01195893006631718
0.011954921896538847
0.011951097235095333
0.011946913069265498
0.011942837183617692
0.011940865681079486
0.011941187166625504
0.011941541817266544
0.011941067794606939
0.011940653870111567
0.011940347966038952
0.011939975952018981
0.011939976525825952
0.011940564374992206
0.0119414972111486
0.011943114934663093
0.011945300558634728
0.011947066640763532
0.011947873687635878
0.011948175865942165
0.011948212540947497
0.01194750739674957
0.01194602049321774
0.011944566318037482
0.011944327896647778
0.01194551324019572
0.011947257797553618
0.011948159175632618
0.011948495965981165
0.01194964160315166
0.01195267012152076
0.011956689390684245
0.011960934163051856
0.01196607180452328
0.01197161092980498
0.01197649635305427
0.011980008878106652
0.011982168507321665
0.011983590971613733
0.011985101548736974
0.011987205484923491
0.011989385814381522
0.011990450265651365
0.011990838373307444
0.011991182551816497
0.01199115563535352
0.01199080326334146
0.011989672858704361
0.011988522927055224
0.011988333022079908
0.011988898264312216
0.011989053636391632
0.011988651991795312
0.01198792738810472
0.011986327199327998
0.011984251172876988
0.011982421994264312
0.011981071542914584
0.011979956827303814
0.011978729361035093
0.011977616840997527
0.011977128000415265
0.011976857139332952
0.011977131890521901
0.011978403657503505
0.011980094897808925
0.011981905857007702
0.011983804674233923
0.011984925238086303
0.01198526288268913
0.011986036209384179
0.011987702849276069
0.011989305349674175
0.011990327881434145
0.011990898376495654
0.011991537644495141
0.011991582351918448
0.011990461270072184
0.011988703737493231
0.011986909044299297
0.01198563949130327
0.01198501877346671
0.01198420332709818
0.01198342288517494
0.011982763170361236
0.011981358745449826
0.011978697507852023
0.011975744082793872
0.011973073131633377
0.011970702312409893
0.011968778248344804
0.011967379365459168
0.011966121582562507
0.011965548224228502
0.011966506345131972
0.01196798026398042
0.011969205698074048
0.01197082646462138
0.011972543493812769
0.011974275436178456
0.011975942985002055
0.011976439022458553
0.011975697895873572
0.011974048594447298
0.01197226098105376
0.011970514474981262
0.011969543841014047
0.011969642986893519
0.011969492273444604
0.011968944210283142
0.011968575591486052
0.011967865797416165
0.01196696114197581
0.011965826918030014
0.011963393625851696
0.01196018560231632
0.0119575760509374
0.011956288396825955
0.011955807475410411
0.011955242246459979
0.011955250014917323
0.011956276745651839
0.011957181037327777
0.01195762986707847
0.011957663890948482
0.011957286238105136
0.011956573481371986
0.01195524725385881
0.011952925828182642
0.01195069487114108
0.011949569273615035
0.011948790860447929
0.011947799175027266
0.011946313766132454
0.011944078943598365
0.011942099093365173
0.011940587295830444
0.011938889839713378
0.011936478558022335
0.011933269517916326
0.011929893554637201
0.01192731712272179
0.011926904442322759
0.0119276810510886
0.01192860266870222
0.011929390575655029
0.011929354667538503
0.01192891845420123
0.011929724629713777
0.011932121810961436
0.011935933414913754
0.011940266773009434
0.011944776498007278
0.011949161933944559
0.011952833701373339
0.011955057147007023
0.011956506372369367
0.011958732871223296
0.011961387601280928
0.011964225380021778
0.011966743322318658
0.011969000522472734
0.011971485962890644
0.011974477672289575
0.011977034531473927
0.011978456247856371
0.011979638481837914
0.01198078514674893
0.011981486184963142
0.011981578122407225
0.011981278920825645
0.011980329088208352
0.011978805934327503
0.01197800135070714
0.011977843822659016
0.011978049824928649
0.01197900303794306
0.011980302309517389
0.01198170044249236
0.011982970379500791
0.011983779429590911
0.011983480470841332
0.011981996828883927
0.01198121936959787
0.0119821914432755
0.011982868540021454
0.011982120719081508
0.011980762105946988
0.01198053272595832
0.011981975917457087
0.011983953425109566
0.011985835281549707
0.011987084781819125
0.011988032783682552
0.011988475223796164
0.011987899330313882
0.011987113801907584
0.011986887161918525
0.011987254949229616
0.011987332958829788
0.011986468697235644
0.011985231761314363
0.011984461140579702
0.011984438995592648
0.011985840944618062
0.011988140027956418
0.011990289463972976
0.011991436779306858
0.011990969083091782
0.011989443088348525
0.011988145862865736
0.011987793564395062
0.011987686377157717
0.011987272864140754
0.011986845428628214
0.011987115626046001
0.011987989141978551
0.011988950478410162
0.011989227286663694
0.011988314723652348
0.011987129646454268
0.011986231108126069
0.011985605303166917
0.011985403537596528
0.011985351411330489
0.01198536369556408
0.011985976513566055
0.01198642156228753
0.011985611682311555
0.011984194200913185
0.011982282474051045
0.011979959501571841
0.01197777381274977
0.01197579938047711
0.011975181407009124
0.011975978780100986
0.011976955290166468
0.011977584168712923
0.011978070967022464
0.01197988731777528
0.011983409535430159
0.011987460309355921
0.011990583301234252
0.01199207207184638
0.011993257640074676
0.011994898222849416
0.011996323475881827
0.011998148494202903
0.012000573308854758
0.012003176617747684
0.01200614625231139
0.012008907462206746
0.012010866219762027
0.012011988741947645
0.012013361080179905
0.012015056999231182
0.012016246253572687
0.012016596263161202
0.01201677689831838
0.012017476008457437
0.01201942144544504
0.01202212157612421
0.012024430041335384
0.012025640839490542
0.012026167279206574
0.012027079410100082
0.012029201028263142
0.012032797496631503
0.012036259567215137
0.012038165517692899
0.012038224719732997
0.012037531911294422
0.012036643355459533
0.012035406706944788
0.012033668272486968
0.012031490396444971
0.012029449718894077
0.012027261586648874
0.01202521002246248
0.012023422677390263
0.012021647911672428
0.01202031123862872
0.012018405189101746
0.012014677678776182
0.01200979860428161
0.012004706989071258
0.01199955996677721
0.01199414475893129
0.011988820557174786
0.011984133377671555
0.011980720754610322
0.01197922978731043
0.011980052185819559
0.011981488631667103
0.011982267568549872
0.011982389864854576
