0.771344
0.75701
0.7427625
0.7286495
0.71473
0.7010255
0.6875615
0.674373
0.6614355
0.6487505
0.6363
0.624065
0.6120315
0.6002125
0.5885885
0.5771345
0.5658635
0.5547465
0.543797
0.5330105
0.522386
0.511931
0.501637
0.4915215
0.481568
0.4717815
0.4621525
0.452674
0.4433385
0.43415
0.425102
0.4161865
0.407409
0.398761
0.390273
0.381937
0.3737485
0.365711
0.3578365
0.350109
0.342524
0.335086
0.3278255
0.320715
0.3137425
0.3069045
0.3001995
0.2936235
0.2871735
0.280878
0.2747005
0.268657
0.2627405
0.2569465
0.251303
0.245805
0.240443
0.23522
0.2301225
0.2251455
0.2202725
0.2154975
0.210829
0.206265
0.201802
0.197446
0.19318
0.189018
0.184966
0.181004
0.177145
0.1733745
0.169697
0.1660995
0.1625895
0.1591645
0.1558215
0.1525615
0.1493685
0.1462385
0.143185
0.1402085
0.137294
0.134441
0.1316425
0.128902
0.1262145
0.1235945
0.12103
0.1185275
0.1160945
0.113718
0.111401
0.109148
0.106947
0.1047985
0.1027005
0.1006515
0.0986395
0.0966665
0.0947285
0.092823
0.090957
0.0891245
0.0873255
0.0855695
0.083853
0.082169
0.0805205
0.078904
0.0773175
0.075763
0.074249
0.072765
0.0713205
0.069918
0.0685465
0.0672055
0.065892
0.0646045
0.0633515
0.0621195
0.060909
0.0597245
0.0585685
0.0574345
0.0563185
0.0552225
0.054147
0.053093
0.052057
0.051041
0.0500465
0.049073
0.048117
0.047177
0.0462515
0.04534
0.04444
0.0435555
0.0426885
0.0418385
0.0410025
0.0401865
0.0393875
0.0386075
0.0378445
0.0370945
0.0363605
0.0356465
0.0349555
0.0342875
0.0336275
0.0329785
0.032339
0.031716
0.031108
0.030512
0.0299295
0.0293565
0.0287975
0.0282585
0.02773
0.0272075
0.026693
0.0261915
0.0257
0.0252195
0.0247515
0.024292
0.0238415
0.0233995
0.022964
0.022535
0.0221145
0.0216975
0.0212865
0.0208845
0.020487
0.020096
0.0197105
0.0193305
0.018957
0.018589
0.0182255
0.0178635
0.017505
0.0171495
0.0167995
0.0164555
0.016116
0.015784
0.0154565
0.0151345
0.01482
0.0145165
0.014222
0.013934
0.013653
0.01338
0.013113
0.012851
0.0125945
0.0123415
0.0120935
0.01185
0.011611
0.0113745
0.0111435
0.010915
0.010693
0.0104785
0.0102675
0.010065
0.0098655
0.0096665
0.00947
0.009276
0.009085
0.0088965
0.008709
0.0085235
0.0083405
0.0081645
0.0079945
0.007828
0.007665
0.007505
0.0073505
0.0071975
0.007047
0.0068995
0.006756
0.006618
0.0064815
0.006349
0.006221
0.0060965
0.005976
0.0058585
0.0057425
0.0056295
0.005519
0.0054115
0.005305
0.0051995
0.0050955
0.0049935
0.0048915
0.0047905
0.0046915
0.0045935
0.0044975
0.004402
0.0043075
0.004214
0.004121
0.00403
0.0039405
0.003852
0.003764
0.0036775
0.0035915
0.0035075
0.0034285
0.0033555
0.0032865
0.00322
0.0031545
0.003092
0.0030295
0.0029675
0.0029055
0.0028445
0.0027845
0.0027255
0.002669
0.0026145
0.002561
0.002508
0.0024555
0.002403
0.002352
0.0023015
0.0022515
0.002202
0.0021525
0.0021035
0.0020555
0.0020095
0.0019645
0.001921
0.00188
0.001841
0.0018065
0.0017745
0.001744
0.0017165
0.0016895
0.0016625
0.0016365
0.001611
0.0015855
0.00156
0.0015345
0.001511
0.001488
0.001465
0.001442
0.001419
0.001396
0.001373
0.00135
0.0013275
0.001305
0.001284
0.001264
0.001244
0.0012245
0.001205
0.001186
0.001167
0.00115
0.0011335
0.001117
0.0011005
0.001084
0.0010675
0.001051
0.0010345
0.001018
0.0010015
0.000985
0.0009685
0.000952
0.0009355
0.000919
0.0009025
0.000886
0.0008695
0.000854
0.0008405
0.000827
0.000814
0.000801
0.000788
0.000775
0.0007625
0.00075
0.000738
0.000726
0.0007145
0.000703
0.0006915
0.00068
0.000669
0.000658
0.000647
0.000636
0.000625
0.000614
0.0006035
0.0005935
0.000584
0.0005745
0.000565
0.0005555
0.000546
0.0005365
0.000527
0.0005175
0.000508
0.0004985
0.000491
0.0004835
0.000476
0.0004685
0.0004615
0.0004545
0.0004475
0.0004405
0.0004335
0.0004265
0.0004195
0.0004125
0.000406
0.0004
0.000394
0.0003885
0.000383
0.000378
0.000373
0.000368
0.000364
0.00036
0.0003565
0.000353
0.00035
0.000347
0.000344
0.000341
0.000338
0.000335
0.000332
0.000329
0.000326
0.000323
0.00032
0.000317
0.000314
0.000311
0.000308
0.000305
0.000302
0.000299
0.000296
0.000293
0.00029
0.000287
0.000284
0.000281
0.000278
0.000275
0.000272
0.000269
0.000266
0.000263
0.00026
0.000257
0.000254
0.000251
0.000248
0.000245
0.000242
0.000239
0.000236
0.000233
0.00023
0.000227
0.000224
0.000221
0.000218
0.000215
0.000212
0.000209
0.000206
0.000203
0.0002
0.000197
0.000194
0.000191
0.000188
0.000185
0.000182
0.000179
0.000176
0.000173
0.00017
0.000167
0.000164
0.000161
0.000158
0.000155
0.0001525
0.00015
0.0001475
0.000145
0.0001425
0.00014
0.0001375
0.000135
0.0001325
0.00013
0.0001275
0.000125
0.0001225
0.00012
0.0001175
0.000115
0.0001125
0.00011
0.0001075
0.000105
0.0001025
0.0001
9.75e-5
9.5e-5
9.25e-5
9.0e-5
8.75e-5
8.5e-5
8.25e-5
8.0e-5
7.75e-5
7.5e-5
7.25e-5
7.0e-5
6.75e-5
6.5e-5
6.25e-5
