0.246691588
0.23113775566666667
0.21605933833333332
0.20169995666666668
0.18828206566666666
0.17595595466666666
0.16479030766666666
0.15477457366666666
0.14582534533333333
0.137814444
0.13061047533333334
0.12409886966666667
0.11819105266666667
0.112815007
0.10791003466666667
0.10342277866666667
0.09931226933333333
0.09554341
0.092089915
0.08893175
0.08604812933333333
0.083417821
0.08102150633333334
0.078838975
0.07685162466666667
0.075044076
0.07340039233333333
0.07190698533333334
0.07055281933333334
0.06932797233333333
0.06822388133333333
0.06723296333333334
0.066345019
0.06555043766666667
0.06484348466666667
0.06421693633333334
0.06366362066666667
0.063176337
0.062750183
0.062378939
0.062059662
0.061789301666666664
0.061562474666666665
0.061374981333333335
0.061224333666666665
0.061105778
0.061017076
0.060954406
0.06091580333333333
0.0608976
0.060894675333333335
0.060903625333333336
0.06092130566666667
0.06094530533333333
0.060974447
0.061008800333333335
0.061048396
0.061091853333333335
0.061138157
0.061185060666666666
0.06123126366666667
0.06127491433333333
0.061316995
0.061354969
0.061387608
0.06141531833333334
0.061438478
0.061457811
0.06147256733333333
0.061483651
0.061492054
0.061497339666666664
0.06149869066666667
0.061496716
0.061493401333333336
0.061489214333333334
0.06148276466666667
0.06147276733333333
0.06145859966666667
0.061440507666666665
0.06141803966666667
0.06139061766666667
0.06135796066666667
0.06132158433333333
0.06128134066666667
0.06124007733333333
0.061198385333333334
0.061156059666666665
0.061113941
0.061072770666666665
0.061032272
0.060990777333333336
0.06094908
0.060905554
0.060860559333333335
0.06081691533333333
0.060775744666666666
0.060737632
0.06070419566666667
0.06067564533333333
0.060650798666666665
0.06063040066666667
0.06061601033333333
0.06060759566666667
0.06060324733333333
0.06060257333333333
0.060604391333333334
0.060609037666666664
0.060616877666666666
0.060626759333333335
0.060638009
0.060649348666666665
0.060664279333333335
0.060680828666666665
0.060698581
0.06071830833333333
0.060739838
0.060762019
0.060785431
0.06080964266666666
0.060833749666666666
0.060857046
0.06087686666666667
0.060893331333333335
0.060908081333333336
0.06092077766666667
0.060930008
0.06093569966666667
0.06093960933333333
0.06094192666666667
0.060943850333333334
0.060944093
0.06094404466666667
0.060942314666666664
0.060937690333333336
0.060932964
0.06092847
0.06092268533333333
0.06091688966666667
0.060911829
0.060907134
0.06090402066666667
0.060902758333333334
0.060904898
0.060908641666666666
0.06091210266666667
0.06091643866666667
0.06092142666666667
0.060927266333333334
0.06093406666666667
0.060940088333333337
0.06094251766666667
0.060940752
0.060935703
0.06092784166666667
0.060918553
0.06090971966666667
0.06089937266666667
0.06088712366666667
0.060873992333333335
0.060859242333333334
0.060843971
0.06082788633333333
0.06081068866666667
0.060792728
0.060771809333333336
0.06074998433333333
0.060728798
0.060707485666666665
0.060685333333333334
0.060661380333333334
0.060637208666666664
0.06061371533333333
0.060592574333333336
0.060572445
0.060552257666666665
0.06053242066666667
0.060513627
0.06049743266666667
0.06048461066666667
0.060475361666666665
0.060467983333333336
0.060463092
0.06046045766666667
0.060460888
0.060462713333333334
0.06046476133333333
0.06046604333333333
0.06046692433333333
0.060468457333333336
0.06046989366666667
0.060471972
0.06047560266666667
0.06047954866666667
0.060482537333333336
0.06048624566666667
0.060491407
0.06049829266666667
0.060506094
0.06051545
0.060525094333333335
0.060534556
0.060541853666666666
0.06054671566666667
0.060550934
0.06055454566666667
0.06055807
0.060560786
0.06056150033333333
0.06055831266666667
0.060551658
0.06054185233333333
0.060529359
0.060515352
0.060499823
0.06048117766666666
0.06046072466666667
0.060438997
0.06041559966666667
0.06039265533333334
0.06037148966666667
0.06035355333333333
0.060338238333333336
0.06032526133333333
0.06031502166666667
0.06030787
0.060304949
0.060304965333333335
0.060308215666666665
0.060313417
0.060321911666666665
0.060334107
0.060350052
0.06036869166666667
0.06038953066666667
0.06041112366666666
0.06043327933333333
0.060457129
0.060484039
0.06051149733333333
0.06053892266666667
0.060565033
0.060589579
0.060611845
0.060632651
0.060653124
0.060673161333333336
0.060694765
0.06071626233333333
0.06073864366666667
0.06076197566666667
0.060784467
0.06080555
0.06082413566666667
0.06083941933333333
0.06085126566666667
0.06085913466666667
0.060864822666666665
0.060869144
0.06087086033333333
0.060869748333333334
0.060866913
0.06086189333333333
0.06085606366666667
0.060850525333333336
0.06084549066666667
0.060839171666666664
0.060831115
0.060820344666666665
0.060806541
0.060790654666666666
0.060774065333333335
0.06075542466666667
0.060734005333333334
0.060711948
0.06069282533333333
0.060677804
0.06066728833333333
0.060660079
0.060655651
0.06065215933333333
0.060649923
0.060647039
0.060643401666666666
0.060640074333333335
0.06063670066666667
0.060634860666666665
0.06063518066666667
0.06063674733333333
0.06064005633333333
0.06064369533333333
0.06064771966666667
0.06065432766666667
0.06066127833333333
0.060667448666666665
0.060673058
0.06067948166666667
0.060686656666666665
0.06069429866666667
0.060700746666666666
0.06070775
0.06071614633333333
0.060724592333333334
0.060734293333333335
0.06074485733333333
0.060755313666666665
0.06076590866666667
0.06077710766666666
0.060788614666666664
0.060800616333333335
0.060813133666666665
0.060826655
0.060839119
0.060851835666666666
0.06086490033333333
0.06087831866666667
0.060890411666666665
0.06090157
0.060912624666666665
0.060923198
0.060932795666666664
0.06094203433333333
0.06095278366666667
0.060965389
0.06097915933333333
0.060994489
0.061012272666666666
0.06103110266666667
0.06105140466666667
0.06107374733333333
0.061095552666666664
0.06111599166666667
0.06113514566666667
0.061152409666666664
0.061168071
0.06118437833333333
0.06120152066666667
0.061220036666666665
0.061239264
0.06125699566666667
0.061271823
0.061283338
0.06129163966666667
0.061295127666666664
0.061293738333333334
0.06128863
0.06128022266666667
0.061268782333333334
0.061254872333333335
0.06123892
0.06122055033333333
0.06119931433333333
0.06117532366666667
0.061149306333333334
0.06112298966666667
0.061098121
0.061073726
0.061048758
0.06102543866666667
0.061000784
0.060977291333333336
0.060952562333333335
0.060925651
0.06089738833333333
0.06086847533333333
0.060840421666666665
0.060813931
0.060789023
0.060765169333333334
0.060742922666666664
0.060722931
0.06070552966666667
0.060688805666666665
0.060673583333333336
0.060659263
0.060646713
0.06063729066666667
0.060628298
0.06061852266666667
0.060610195666666665
0.06060372866666667
0.060598840333333334
0.06059477766666667
0.06059223833333333
0.06059037133333333
0.06059000566666667
0.060591164
0.06059351466666667
0.060596804666666663
0.06060080633333333
0.06060294966666667
0.060604068
0.06060528833333333
0.06060624366666666
0.06060912
0.06061400066666667
0.06061947633333333
0.06062512133333333
0.060631968333333335
0.060640003666666664
0.06065038466666667
0.060661955
0.060676579333333334
0.06069459666666667
0.060714790666666664
0.060736506
0.06075776966666667
0.060778104
0.06079685333333333
0.06081623766666667
0.06083541766666667
0.06085545966666667
0.060875550333333334
0.06089431866666667
0.060911259
0.060926266
0.060938973333333334
0.06094898866666667
0.06095654033333334
0.060962174333333334
0.060967316333333334
0.060972164
0.060975863
0.06097744733333333
0.060975949333333335
0.06097383133333333
0.06097204033333333
0.06096957533333333
0.060966410666666665
0.06096190533333333
0.060956669
0.06094965066666667
0.060940165
0.060928534666666666
0.06091382433333333
0.06089554933333333
0.06087584733333333
0.060855938
0.06083649533333333
0.060815938666666666
0.06079529433333333
0.060775977
0.060757429333333335
0.06073926833333333
0.06072098133333333
0.06070362
0.060688384
0.06067530966666667
0.060667176333333336
0.060666264666666664
0.060671294
0.06067969533333333
0.06069125433333333
0.060704620333333334
0.060719835
0.060734413333333334
0.06074816733333333
0.060759978
0.06076903333333333
0.060775416666666665
0.060781169333333336
0.06078740566666667
0.060794558666666665
0.060800388
0.060804435
0.060808645
0.060811809
0.060811703
0.060810163333333334
0.06080856133333333
0.060806611
0.060805309333333335
0.06080462266666667
0.06080556933333333
0.06080829833333333
0.060811846333333336
0.060815616333333336
0.06082157233333333
0.060829202
0.060837632
0.060846858
0.06085642333333333
0.06086598233333333
0.06087643633333333
0.06088617466666667
0.06089637466666667
0.060906834
0.060918078333333334
0.060928248666666664
0.06093730133333333
0.060945567666666665
0.060953171333333334
0.060958737666666665
0.060962039
0.060964549
0.06096696766666666
0.06097111933333333
0.060976677
0.060981619
0.060983950333333335
