0.228656
0.214322
0.2002795
0.186689
0.1737695
0.1616755
0.150548
0.14041
0.131196
0.1229015
0.1154125
0.108627
0.1024565
0.096832
0.091684
0.0869135
0.0824985
0.0784065
0.0745875
0.070984
0.06767
0.06458
0.0617145
0.05905
0.056558
0.054235
0.0520485
0.050017
0.048125
0.046353
0.0446695
0.0430505
0.041534
0.040101
0.038731
0.0374375
0.036212
0.035058
0.033973
0.03293
0.031915
0.0309405
0.0300245
0.029149
0.028302
0.0274715
0.0266655
0.0258815
0.0251385
0.0244335
0.0237645
0.023144
0.0225845
0.0220555
0.0215595
0.021077
0.020601
0.0201215
0.0196295
0.019137
0.0186265
0.01812
0.0176295
0.0171455
0.016681
0.016259
0.0158455
0.015458
0.0150785
0.014699
0.0143195
0.013961
0.0135865
0.0132135
0.0128545
0.0125175
0.012194
0.011868
0.0115155
0.0111585
0.0108075
0.0104765
0.0101565
0.0098435
0.0095435
0.009236
0.008923
0.008615
0.008327
0.008061
0.007795
0.007535
0.007283
0.007032
0.0067945
0.0065635
0.0063385
0.0061245
0.0059145
0.005711
0.005516
0.0053295
0.0051505
0.0049725
0.004797
0.0046305
0.0044755
0.0043335
0.004205
0.00408
0.003957
0.0038345
0.003718
0.00361
0.0035075
0.003417
0.0033235
0.003238
0.003153
0.003067
0.002984
0.002905
0.002827
0.002754
0.0026835
0.002616
0.0025525
0.00249
0.002422
0.0023485
0.0022715
0.002202
0.002133
0.0020635
0.001999
0.001936
0.0018705
0.0018015
0.0017295
0.001657
0.0015865
0.0015205
0.001459
0.001401
0.0013465
0.001294
0.001243
0.0011885
0.0011355
0.0010845
0.0010375
0.000986
0.0009375
0.0008905
0.0008445
0.0008005
0.0007615
0.0007215
0.000683
0.000649
0.000617
0.000585
0.000556
0.000529
0.0005075
0.000494
0.000491
0.000489
0.000487
0.0004865
0.000487
0.000489
0.000492
0.000492
0.000488
0.000477
0.0004595
0.00044
0.0004175
0.0003945
0.000374
0.0003565
0.00034
0.000323
0.0003065
0.0002905
0.000275
0.000264
0.000257
0.000251
0.0002445
0.0002365
0.0002275
0.0002155
0.000204
0.0001955
0.0001895
0.0001815
0.000172
0.0001635
0.0001535
0.0001455
0.000146
0.0001515
0.000164
0.000177
0.000193
0.0002095
0.000224
0.0002365
0.0002445
0.0002525
0.000257
0.0002605
0.0002635
0.0002645
0.0002645
0.000266
0.0002695
0.000272
0.0002745
0.000277
0.0002805
0.0002825
0.0002825
0.0002815
0.0002795
0.000279
0.0002805
0.000284
0.0002885
0.0002915
0.0002935
0.0002935
0.0002925
0.000292
0.00029
0.000289
0.0002895
0.0002915
0.0002935
0.0002955
0.000297
0.000298
0.0002985
0.000299
0.000299
0.000299
0.0002985
0.000298
0.0002945
0.0002885
0.0002805
0.0002705
0.0002605
0.00025
0.000239
0.000228
0.0002175
0.000209
0.0002015
0.000196
0.000191
0.0001855
0.000179
0.000172
0.0001655
0.000159
0.000153
0.0001455
0.0001385
0.0001315
0.0001255
0.0001195
0.000114
0.000109
0.000104
9.9e-5
9.45e-5
9.1e-5
8.8e-5
8.55e-5
8.4e-5
8.3e-5
8.25e-5
8.3e-5
8.45e-5
8.7e-5
8.9e-5
9.15e-5
9.4e-5
9.6e-5
9.85e-5
0.000101
0.0001025
0.000102
0.0001015
0.0001005
0.0001005
9.95e-5
9.7e-5
9.4e-5
9.15e-5
8.85e-5
8.65e-5
8.4e-5
8.2e-5
8.0e-5
7.8e-5
7.6e-5
7.35e-5
7.0e-5
6.6e-5
6.2e-5
5.8e-5
5.35e-5
4.9e-5
4.45e-5
4.0e-5
3.5e-5
3.0e-5
2.45e-5
1.95e-5
1.4e-5
9.0e-6
4.5e-6
2.5e-6
5.0e-7
0.0
0.0
0.0
0.0
0.0
0.0
0.0
0.0
0.0
0.0
0.0
0.0
0.0
0.0
0.0
0.0
0.0
0.0
0.0
0.0
0.0
0.0
0.0
0.0
0.0
0.0
0.0
0.0
0.0
0.0
0.0
0.0
0.0
0.0
0.0
0.0
0.0
0.0
0.0
0.0
0.0
0.0
0.0
0.0
0.0
0.0
0.0
0.0
0.0
0.0
0.0
0.0
0.0
0.0
0.0
0.0
0.0
0.0
0.0
0.0
0.0
0.0
0.0
0.0
0.0
0.0
0.0
0.0
0.0
0.0
0.0
0.0
0.0
0.0
0.0
0.0
0.0
0.0
0.0
0.0
0.0
0.0
0.0
0.0
0.0
0.0
0.0
0.0
0.0
0.0
0.0
0.0
0.0
0.0
0.0
0.0
0.0
0.0
0.0
0.0
0.0
0.0
0.0
0.0
0.0
0.0
0.0
0.0
0.0
0.0
0.0
0.0
0.0
0.0
0.0
0.0
0.0
0.0
0.0
0.0
0.0
0.0
0.0
0.0
0.0
0.0
0.0
0.0
0.0
0.0
0.0
0.0
0.0
0.0
0.0
0.0
0.0
0.0
0.0
0.0
0.0
0.0
0.0
0.0
0.0
0.0
0.0
0.0
0.0
0.0
0.0
0.0
0.0
0.0
0.0
0.0
0.0
0.0
0.0
0.0
0.0
0.0
0.0
0.0
0.0
0.0
0.0
0.0
0.0
0.0
0.0
0.0
