0.771344
0.75701
0.742971
0.7293935
0.7165085
0.7044745
0.6934475
0.68346
0.6744345
0.666364
0.6591095
0.652575
0.6466555
0.6413
0.63639
0.6318335
0.6276285
0.623727
0.6200935
0.6166895
0.613577
0.610713
0.6081065
0.605738
0.603589
0.601643
0.599844
0.598196
0.5967025
0.595315
0.5940335
0.592825
0.5916995
0.5906715
0.589728
0.5888415
0.5880515
0.5873755
0.5868165
0.586322
0.5858945
0.5855045
0.5851775
0.5848895
0.5846295
0.5843685
0.5841235
0.583887
0.583648
0.583443
0.583246
0.583141
0.583056
0.5829925
0.582943
0.5829
0.5828985
0.582932
0.582983
0.583039
0.583061
0.583076
0.583092
0.5831105
0.5831205
0.5831465
0.583162
0.5831895
0.5831985
0.58323
0.583282
0.5833465
0.583375
0.583386
0.5833945
0.583361
0.5833045
0.583235
0.583149
0.583025
0.5828635
0.582702
0.5825285
0.582381
0.582279
0.5822395
0.582255
0.5823185
0.5823895
0.582507
0.582627
0.5827765
0.5829335
0.583084
0.583211
0.5833105
0.583401
0.5834995
0.5836205
0.583704
0.583787
0.5838475
0.583899
0.5839425
0.583967
0.5839935
0.5840095
0.5839875
0.5840045
0.584059
0.5841355
0.5841575
0.5841765
0.584189
0.5841935
0.5841995
0.584215
0.584217
0.58421
0.584197
0.584186
0.584161
0.5841135
0.584006
0.5838885
0.583764
0.5835865
0.583385
0.583154
0.5828865
0.582685
0.5825255
0.582412
0.582298
0.5822175
0.5821685
0.582149
0.582128
0.582116
0.5820735
0.582063
0.58208
0.582077
0.5821065
0.582161
0.582233
0.582293
0.5823895
0.582513
0.5826495
0.582801
0.5829685
0.5831455
0.583316
0.58354
0.5837525
0.583971
0.5842075
0.5844505
0.58468
0.584856
0.5849595
0.585029
0.585097
0.5851585
0.5852135
0.5852605
0.5852685
0.585219
0.585098
0.584909
0.584717
0.584512
0.5843155
0.58413
0.5839615
0.5837685
0.5835635
0.583408
0.583232
0.583073
0.5829365
0.582829
0.582715
0.582613
0.582526
0.582445
0.5823845
0.582369
0.582375
0.582412
0.582454
0.582469
0.5824525
0.5824245
0.5823875
0.5823495
0.5823305
0.582301
0.582313
0.5823215
0.582291
0.5822725
0.5822425
0.582205
0.58218
0.5821895
0.5821765
0.58212
0.5820745
0.5820295
0.5820845
0.5821915
0.5823405
0.5824985
0.582652
0.5828055
0.5829545
0.5831075
0.5832675
0.5834495
0.5836475
0.583851
0.5840805
0.5843225
0.5845405
0.584728
0.584918
0.5850885
0.5852565
0.5853965
0.585515
0.585605
0.5856695
0.5857005
0.5857015
0.585641
0.585541
0.585433
0.585298
0.58514
0.584963
0.5847815
0.584592
0.584386
0.584197
0.5840215
0.5838795
0.5837135
0.583602
0.583495
0.583381
0.5832695
0.583191
0.583102
0.5830025
0.582919
0.582847
0.582772
0.582721
0.582675
0.582652
0.582638
0.5826765
0.5827095
0.582768
0.5828345
0.582902
0.5829575
0.583032
0.5831065
0.583126
0.583091
0.5830875
0.5830655
0.583043
0.583044
0.5830805
0.5831265
0.583188
0.583246
0.583296
0.583308
0.5833095
0.583286
0.583255
0.5831995
0.583177
0.583138
0.583089
0.58307
0.58309
0.5831125
0.583075
0.58297
0.582901
0.582881
0.5828815
0.582875
0.5828935
0.5829005
0.5828845
0.5828585
0.5828375
0.582812
0.5827155
0.5825795
0.582421
0.582267
0.582135
0.5820475
0.582002
0.581984
0.582002
0.58204
0.582082
0.5821375
0.582198
0.5822625
0.582366
0.5824955
0.5826215
0.5827955
0.583014
0.5832385
0.5834745
0.583722
0.5839775
0.5842415
0.5844765
0.584667
0.58483
0.5849505
0.585067
0.585134
0.585243
0.585377
0.5855285
0.585678
0.5858395
0.585987
0.586133
0.586288
0.5864015
0.586445
0.5864435
0.5863985
0.586279
0.586105
0.58591
0.58569
0.5854775
0.5852815
0.585087
0.584891
0.5846815
0.584456
0.5842325
0.584005
0.583831
0.5837
0.5835725
0.58344
0.5832945
0.583169
0.5830675
0.5829915
0.582917
0.5828725
0.582849
0.5828525
0.5828465
0.5828155
0.58279
0.582788
0.582794
0.582799
0.5828235
0.5828165
0.5828
0.582793
0.5828065
0.5828495
0.5829075
0.58297
0.58302
0.583095
0.583228
0.583368
0.5835125
0.5836675
0.5838255
0.583959
0.584067
0.584215
0.584386
0.584576
0.584752
0.5848645
0.5849105
0.5849305
0.584949
0.5849975
0.585068
0.5851665
0.585244
0.585335
0.585425
0.5855135
0.5855515
0.5855415
0.5855195
0.5854075
0.585233
0.5850095
0.5847825
0.584574
0.5843935
0.584234
0.584068
0.5839425
0.5838685
0.5838165
0.5837165
0.5836175
0.5834725
0.583271
0.5830405
0.582804
0.5825605
0.5823215
0.5820835
0.5818025
0.581541
0.581269
0.5809875
0.5806875
0.5804065
0.580133
0.5798605
0.579593
0.5794105
0.579299
0.579239
0.5792145
0.57926
0.5792845
0.579333
0.579488
0.579697
0.579888
0.5801165
0.580325
0.58049
0.5806685
0.580864
0.5810885
0.5813295
0.581539
0.5817565
0.5819875
0.582233
0.582466
0.5826875
0.5829225
0.583171
0.583437
0.583692
0.5839725
0.5842815
0.5845945
0.584902
0.5851995
0.5854925
0.5857605
0.5860285
0.5863055
0.5865775
0.5868315
0.5870705
0.587313
0.5875465
0.5877595
0.587957
0.5881075
0.5882585
0.588428
0.5886255
0.588785
0.588937
0.5890935
0.5892315
0.5893475
0.589467
0.5895975
0.589737
0.589869
0.5899865
0.5900965
0.5901425
