0.022071864114629813
0.021959709171154744
0.02152282192476421
0.021051428715221424
0.020510795647460552
0.019887553789032026
0.01919964833464485
0.018503334592334525
0.017813637467316273
0.017146714726049315
0.016516141517658543
0.0159335950027594
0.015417030615417647
0.014953955497680417
0.014538987066635636
0.014162486871092965
0.013797226647406584
0.013456282968747228
0.013149309387988153
0.012848514048831479
0.012541673986898193
0.01225571071950383
0.012008939956181934
0.011788381337246731
0.011574351331090395
0.011385800624730087
0.011214040079190338
0.01103188959530709
0.010868749731479246
0.010739012390180847
0.010625233913796104
0.010517829930717162
0.010426870703221073
0.010378572626687455
0.010356631092796942
0.010346714689129679
0.010330121257329225
0.010309712424369562
0.010289318774608048
0.010243937511965168
0.010195481280308337
0.010174698741019514
0.010159349632440565
0.010125480406057217
0.010098361506289085
0.010084662530891185
0.01006923919690589
0.01003163289991536
0.009998166351882717
0.009996694962051402
0.009994810837937169
0.009988475391126565
0.00999141241037489
0.010029748012741278
0.010102564472264243
0.01016695901530001
0.010215723810618842
0.010271044969902911
0.010325079010552738
0.010361135650675143
0.010374912256660308
0.010381693930903269
0.010396553217632946
0.010416906220938679
0.01041760391035279
0.010388225046818108
0.010349013653368988
0.01029891975830925
0.01025417496394536
0.010213539446061692
0.010158743583223726
0.01010520621987317
0.010066870731065857
0.010043072576539892
0.01003049271874668
0.010020047862814045
0.010025392389650237
0.010027248742125513
0.010019092860240083
0.010020053286431605
0.010043020756709539
0.010074578632855085
0.010111093778974449
0.010128971227980248
0.010119731981020804
0.010110489099848106
0.010095565707468388
0.010067566663056884
0.010065722292663604
0.010095864311823095
0.010141760368280909
0.010183243251296145
0.010212463593646652
0.010262093604671537
0.01031966693959415
0.010358356330041632
0.010364792065438076
0.010335301128699943
0.010291758686570797
0.010272374546955777
0.010266731977271518
0.010256596979199785
0.010243638917971833
0.010229663789534505
0.010209559175432576
0.010184440385813964
0.010180765995657407
0.01018431962695586
0.010182899379200222
0.010179085367983651
0.010174622535168267
0.01018436654999036
0.010205641034594292
0.010235501462276274
0.010247668292588384
0.01025997076990949
0.010288559050925707
0.010287684055056907
0.010272933212335385
0.010282203731011757
0.010295835809428467
0.010314169465111704
0.010332764993402766
0.010354483770736717
0.010382883886335475
0.010398470392269854
0.010398105507497927
0.010396313470106496
0.01039678160175811
0.010389084631492468
0.0103545133988753
0.010310589057667607
0.010269077943719873
0.010229450069404594
0.010194163169399001
0.01015199530128607
0.010121541912370653
0.010124715313061536
0.010132224236923521
0.01012608597279734
0.01012455021054381
0.010135411100931309
0.010147151642191633
0.010144324052242056
0.010136913196681075
0.01012226636052788
0.010108186131567243
0.010098943598866705
0.010085632856494466
0.010095809171540317
0.010122933252385861
0.010132536937606
0.010137848237711784
0.01014196519404817
0.01017292598316247
0.010229692331976075
0.010276051852240627
0.010314987250180306
0.010347957949926429
0.010395245314111866
0.010449953877436408
0.010481130491480977
0.01049883615350911
0.010510024022969503
0.01051682504761302
0.010524029600879909
0.010522575204836128
0.010510025905155686
0.01048505657265098
0.010447969553145564
0.010430412283530225
0.010429492312203123
0.010401918142762827
0.010370093772041743
0.010360606264669838
0.010354925472130195
0.01035441667371058
0.010346195702513905
0.01030632579724641
0.010260020814552517
0.010216556346456086
0.0101848881602248
0.010151816520680472
0.010113291461360563
0.010087675249900627
0.010054084100857369
0.010005910705712827
0.009969477787973502
0.009937780638682486
0.009902371064797189
0.009878092858376073
0.009867588698431205
0.009879557702998561
0.009892184189386819
0.009891465502324125
0.009889483620229806
0.00987305704579645
0.009878574458491995
0.0099387419686621
0.01000761102025328
0.010042412916750553
0.010037915910098793
0.010022378006904458
0.01001491091906152
0.010010880095036574
0.01001517383434218
0.01003873610898823
0.010069873241116606
0.010073566868593946
0.010043308734926553
0.010005353641334569
0.009974719334376528
0.00994201112116496
0.009914825099038328
0.009910364414012406
0.00989439132599965
0.009879707097952889
0.009887640864383236
0.00989284365695487
0.009899806980178574
0.009905649530979232
0.009902291182590166
0.009910844918505055
0.009935305205296703
0.009948362647622081
0.009945011303981639
0.009946955021849405
0.009981354286929218
0.010039225588288587
0.010093734022538808
0.010150048044790543
0.010221368398992967
0.010285316818905951
0.010349653807805411
0.010417840879168945
0.010480089451410164
0.010515419948791125
0.010510153898304392
0.010487180733858681
0.010459761571599537
0.01042666796402514
0.010413010955709893
0.01040853802576106
0.01037873322323429
0.010327948036423692
0.010271718268869733
0.010224793122640964
0.010187785820248204
0.010158899172785717
0.010138520757322309
0.010126123504491949
0.01009452081145251
0.010065797057799366
0.010068456440296688
0.01005345214258826
0.010001742807412038
0.009949637502336748
0.009927266680430908
0.009924124818915239
0.009934346254310953
0.009945863302862198
0.009948214239110499
0.009959451026524164
0.009976447021153915
0.010015475627551533
0.010058855579914512
0.010083542306792231
0.010104903807162908
0.010123719879176853
0.01015841048803947
0.010209373122446831
0.010229417720154507
0.010222908807681261
0.01022960762431867
0.010237368364015469
0.010242260494612508
0.010246944719495981
0.01023185431297324
0.010221069937457625
0.010218344837457996
0.010212828693069265
0.010191500542801093
0.01014758567321776
0.010097046770028987
0.010045586721945181
0.010004226460650141
0.009977291470978911
0.00996248999194105
0.009960281343306036
0.009954245406567194
0.009928137741041298
0.00989942309797094
0.009878836723407032
0.00988250476892228
0.009922610227095391
0.009984400143960258
0.010051701472242538
0.010088684969831237
0.010082297766037092
0.010061075305501665
0.010057900817378436
0.010072547754114399
0.010081901350534127
0.010087598243565423
0.010095860979168045
0.010085662947510817
0.010052638310704546
0.010018206407841197
0.009973622883234824
0.009923892875170206
0.0098737786140374
0.009821106432748746
0.009777774283425042
0.009746727135172741
0.009722726414614009
0.009700870796801228
0.009683103077148952
0.009660731180286599
0.009646143967184603
0.009642809975686839
0.009639207356290421
0.009643306580811499
0.009658253534655778
0.00970225399132588
0.009773662435004344
0.009838775709774173
0.009879906795321589
0.009915387448841448
0.009945825769265044
0.00996110756712246
0.009965946240745758
0.009967958694149888
0.009994424442561522
0.01002983994393562
0.010050411879589174
0.010065442136386242
0.010077740766347775
0.010076140689377837
0.010060889385418588
0.010043075097790646
0.010052420891397315
0.010071201016083093
0.010097014604548149
0.010135239364588797
0.010171873197227912
0.01021981257038019
0.010270247014746978
0.010292540290533798
0.01028710657231943
0.010275025935444531
0.010266123571172618
0.010255083591180261
0.010241846253087203
0.010243702939947565
0.010226467366655867
0.010185825048843477
0.01013815166885143
0.010102824751818939
0.010083348668154628
0.010051219987837126
0.01002479837630429
0.010007562351809062
0.009980421113852765
0.009943511468788333
0.009912297070234756
0.00988369126859109
0.00986168505239484
0.00985946278057071
0.009866399374363297
0.009881591835218905
0.009898891343402171
0.009915913476392209
0.009958374253345916
0.010038270333435902
0.010118627600373978
0.010178555086426956
0.010220786017091085
0.010268322026919805
0.010329756359536263
0.010394112441288525
0.01047387463663318
0.010544064957350477
0.01057457054786383
0.010574407600538007
0.01058941774230142
0.01059670340301019
0.010564502619696103
0.010515545979303357
0.0104808210376686
0.010480630194723898
0.010508080868922924
0.010542302041713145
0.01057753086148928
0.010609178931611684
0.010635281117827373
0.010665690128758797
0.010699222105160286
0.010712478034590855
0.010697466562395902
0.010682758654351492
0.0106831423706588
0.010675288932770447
0.010668148144214877
0.010678001084959468
0.010689933016899333
0.010686308794098423
0.010674076120534741
0.01065882787971486
0.010623707577821884
0.01059407598262977
0.010589670260577631
0.010593410920450822
0.01060950688323637
0.010621491699294936
0.010612866724688528
0.010579777130235063
0.010535444212905644
0.010501277763032082
0.010484964182170842
0.01043528685747219
0.010332680591161457
0.010226446343896085
0.010149190875426794
0.010087269018409253
0.010051294749684253
0.010040895578332605
0.010031429976650814
0.010013126278071384
0.009987355871452226
0.009966882358898366
0.00996073535548191
0.009965157422669589
0.009971178190822898
0.009970234900868827
0.009963052014147804
0.009942042511283966
0.009930828908900407
0.009955430371394068
0.009978400587774165
0.009976471994497338
0.009943524838771806
0.00989034201361828
0.00984799099795944
0.009819415847837978
0.009813490049681123
0.00982683435799459
0.009842576581548957
0.009856627335516196
0.009856316358121509
0.009863625225855653
0.009876843499771934
0.009874542198603809
0.009876338305195484
0.009876114646199455
0.00986632932377986
0.009886347762881538
0.009921826564093591
0.009963547173075911
0.010016065588767178
0.010068119578677466
0.010099802446259654
0.010109160767673483
0.010111927033218717
0.010134153800334802
0.01017648363904384
0.010197337838863535
0.010192187621927962
0.010193073707644848
0.010205870729486846
0.010218084661510573
0.010235848351386113
0.010254633649067244
0.01026391869067636
0.010273710197837481
0.010282427234207112
0.010266417873273523
0.010254335581386663
0.010296843455672488
0.010356338207828872
0.010415175305782846
0.010459941781893849
0.010483734126517836
0.010503022269135735
0.010521806081150276
0.01056666686386599
0.010625588737896981
0.01067204579759865
0.010720088129498507
0.01079117693861025
0.010859162770128532
0.010905575308340215
0.010944131112155371
0.010991048186589249
0.011039089986522525
0.011065106224445767
0.011048073439365388
0.011021643682250821
0.011005955710897384
0.010984578451589976
0.010975368064094385
