0.026454117328125
0.022406072686772176
0.015593385866765569
0.011335711004189241
0.009097059448650828
0.00783309678301854
0.007054589375087466
0.006525402920648702
0.006130285083685366
0.005816166705001565
0.005558227306941339
0.005342790846861552
0.005160875200786809
0.005005183502082988
0.00486979977631003
0.004750618711112463
0.004644581862628314
0.004549048674420855
0.004462614406718595
0.004385399669676683
0.004316975582362421
0.004255297114376855
0.004198630809034704
0.0041468757750291975
0.0041004048704905835
0.004058860899858345
0.004021660292441263
0.00398810380539262
0.0039576192563728265
0.003929827747434769
0.0039043949416930407
0.003881786491536462
0.0038627188340566374
0.0038463495029569263
0.0038317444205069537
0.003819099351732146
0.003808634240578954
0.003800274930301277
0.0037936986286067646
0.003788134290462214
0.0037832408949067253
0.0037791945011142513
0.0037756843240641606
0.0037724408234869706
0.003769716326953605
0.0037678363090519265
0.003766812597587356
0.003766429586921943
0.003766364312810696
0.0037667814591478867
0.0037681754576918414
0.003770223038090004
0.003771976969989319
0.0037729475189174078
0.00377304106968655
0.003772602191916943
0.0037720818927648348
0.003771150846059328
0.003769412814083325
0.00376769857918962
0.003766971278078497
0.00376673905375768
0.0037659864223580472
0.0037646789520380617
0.0037632490552321277
0.0037618637000117316
0.003760732378834692
0.0037600391572928716
0.0037599409200885377
0.0037598824813532246
0.0037591355537204343
0.003758134455077165
0.0037575310702372125
0.0037569891773457293
0.0037557287964021077
0.003753945242959995
0.003752321462371374
0.003751313056716375
0.003750769635849471
0.003749934988140803
0.003748610137266831
0.0037472742399114562
0.003746207764396516
0.0037447684649233965
0.0037426760736410593
0.0037408450057212846
0.0037399595301472978
0.003739727635173586
0.003739699512466345
0.003739707737474254
0.003739453735224685
0.003739083506915798
0.0037389997834593822
0.0037390635069741544
0.0037388193820439355
0.003738218134329012
0.003737521512206099
0.0037370583070313844
0.003736869023260239
0.003736823616163204
0.0037366975869752876
0.0037358841052642744
0.0037347745728580134
0.0037342462379057768
0.0037340710808669575
0.003733799661933915
0.0037333243101775617
0.003732888553411611
0.0037326885319272133
0.003732314616296254
0.0037315305830190448
0.0037306305289962014
0.00372972040832746
0.0037289271701254046
0.0037288938375792478
0.0037300199486439154
0.0037318564000935767
0.003733368994006275
0.0037344406396450387
0.0037354507730362712
0.003736311838434335
0.003737333562438929
0.0037385107602558826
0.0037394918663075554
0.003740447023761545
0.0037411917255009406
0.003741232200829142
0.0037408584343744354
0.003740732891667371
0.0037408595375446863
0.0037409563431406597
0.003740803297160061
0.003740099026519709
0.00373901854537625
0.003738384558262445
0.003738520354088926
0.003738867505238154
0.0037384788442211317
0.00373732531845281
0.0037369012904930245
0.0037379796211182833
0.00373979380198058
0.003741484158923482
0.003742666253799034
0.0037432585420807004
0.0037432277463643323
0.003742460179098382
0.003741416351450278
0.0037408984650474015
0.0037407576011712403
0.003740757277249873
0.003740934790121749
0.0037409754309589583
0.0037408811432762235
0.00374055106296038
0.003740075756110346
0.0037401662913035317
0.0037405746437987404
0.0037408682094931664
0.0037411653805710806
0.0037411693995440774
0.003740704549044411
0.003740172193827017
0.0037397330848120687
0.003739350420306091
0.003739057512405677
0.00373860580253656
0.003737825475327236
0.0037368318551693172
0.003736011568845599
0.00373538632335006
0.003734753747930138
0.0037346292947351475
0.003735033042315483
0.0037355098672886564
0.00373598714483872
0.0037365268452495323
0.003736982030780264
0.003737018556653938
0.0037367179437698623
0.0037364116748859312
0.003736406389177602
0.0037370934581737432
0.003738215475740817
0.0037388346811314237
0.0037384624436187417
0.003737509153467495
0.003736935671326626
0.0037373557102119673
0.003738321515227756
0.0037390686779531367
0.0037393137039314905
0.0037391782051431344
0.003739203278094504
0.0037400053030602807
0.0037414362955048345
0.003742645361859585
0.003743135927214481
0.0037429749104626628
0.0037421274254984317
0.0037408163529170403
0.0037396657297524786
0.0037389769587147545
0.0037384319174268606
0.003737976191364377
0.0037374953567576277
0.0037367951069303992
0.003736294538539851
0.0037360458490292027
0.0037360906742055964
0.0037365142445521795
0.0037372075467316966
0.003738497571851241
0.003740368938468105
0.003742228146082043
0.003743449498759441
0.0037442243458995373
0.003745092714212112
0.003745971899355437
0.0037463213483349693
0.003745688513988687
0.0037442957170225667
0.003742882373861178
0.0037422045385521576
0.00374223516689466
0.003742245396793486
0.0037420258685890322
0.0037418630404996767
0.003741568584278945
0.003740835699320839
0.0037399932756219333
0.003739515036810197
0.003739453733974938
0.0037395826591666973
0.003739606044975185
0.0037394595317298894
0.003739743747384213
0.003740458234173604
0.003740680318652405
0.0037400723497020712
0.0037389034436127303
0.003737761823945234
0.003737140815624724
0.0037369160603562272
0.0037366956121197715
0.0037362613796512027
0.003735482187962238
0.003734915834999278
0.003734998898822122
0.0037353846184360316
0.0037358448977119654
0.0037361200662009305
0.003735963163190268
0.003735169727662617
0.00373388677605176
0.0037328888516030665
0.0037321388848565755
0.0037312829050680915
0.0037309657090761703
0.003731774111614709
0.0037334914210791817
0.0037351511005148355
0.003736023451698074
0.0037364184413127576
0.00373675472336317
0.0037368975918270412
0.0037367951994338117
0.003736825967840363
0.003736765210451911
0.0037361777213459845
0.00373557418860803
0.003735207793919191
0.003735115056602894
0.0037353216038228864
0.003735380286212856
0.00373543358064271
0.0037358430346615345
0.0037363878950913442
0.003736874973038725
0.0037369937016195395
0.003736274099297349
0.00373506517617823
0.003733614915055261
0.0037320310889083644
0.003730916066187149
0.003730352109491111
0.0037299684553717084
0.0037298355438958423
0.0037299651957298863
0.003730191588983676
0.003730639685620354
0.0037316657999871584
0.003733018892755909
0.003734034060783204
0.00373447361496277
0.0037343690383570332
0.00373401668532657
0.0037336960357283486
0.0037333780748400416
0.0037331315165977305
0.0037329440451115345
0.0037327276956749833
0.003732733644616667
0.0037334269594072483
0.003734898254692039
0.0037365352344183667
0.0037380387896758416
0.0037396112139510785
0.00374059771086623
0.0037403193533822867
0.003739637965464012
0.0037395596977504585
0.0037402468148202933
0.0037417357435196646
0.003743543645292972
0.0037452398211889806
0.0037470197231909024
0.003748724929168226
0.0037497603815208184
0.00375023455608265
0.0037505949986154623
0.003750899025203478
0.0037514570737500123
0.0037523151643714093
0.0037532379955338073
0.003754319810571519
0.0037556541282064153
0.00375741799152641
0.0037596548923903854
0.003761824997275888
0.0037630632521253055
0.0037628738271863207
0.003761797890685742
0.0037606323852810986
0.003759820758021206
0.00375956354097244
0.0037594528885965045
0.003759015905985764
0.003758046702842132
0.0037568396214920454
0.003755893381407067
0.0037551630521631798
0.003754621225125777
0.0037544062351740188
0.0037543159998186726
0.003753974802826358
0.0037531012537047725
0.0037519463095254534
0.0037510822731105613
0.0037504930575112242
0.003750184252404677
0.00375039172411502
0.003750803936648407
0.003750849320961211
0.003749931863924168
0.003747848008676202
0.003745373512926635
0.0037434293404856717
0.003742216394685247
0.0037409829358359867
0.003738886516310725
0.003736644919852076
0.003735479300861737
0.003735348749001488
0.003735683116829772
0.0037359106684399916
0.0037358033443423777
0.0037357889064253682
0.0037359727141454756
0.003736244755497143
0.003736575427993754
0.003736631321664795
0.0037364278199712906
0.0037363418075114364
0.0037362814826415887
0.0037358820611756507
0.003735360408723822
0.0037353484626285985
0.003735952702711102
0.0037366814814211993
0.003737277734762933
0.0037380467344076827
0.0037391802446897376
0.003740276079429315
0.003741050154027652
0.003741244582058247
0.003741114393818317
0.003741519560102956
0.003742501725782493
0.0037433552230680934
0.0037438717531298243
0.0037441689110912658
0.003744036589576114
0.0037433347832099466
0.0037424774267979946
0.003742066075950869
0.0037421274751173223
0.0037422439857479595
0.0037420665162525213
0.0037415879358908086
0.003740779277237275
0.003739389569661644
0.0037381068091920018
0.0037378897924136524
0.003737989588421624
0.0037376217262091427
0.003737688613769627
0.003738399587084795
0.003738889918734908
0.0037391167159171812
0.003739519371917454
0.0037398013787694547
0.003739512281178704
0.0037386865601235146
0.00373792805281827
0.00373803997249765
0.00373858615470644
0.0037386540571963255
0.00373814385642171
0.0037373282162201796
0.0037363300936760283
0.003735617715256863
0.003735928030622182
0.0037371788292401738
0.0037385592208322572
0.0037393856805216256
0.0037396067123061432
0.003739205611991187
0.0037384546982630242
0.003738203759799803
0.0037382712784731742
0.0037384788919880532
0.003739365276370992
0.0037404202194183953
0.0037407504811391165
0.0037407260841094974
0.003741368434441391
0.003742639306764674
0.0037436130642898337
0.0037437934885070664
0.003743372335026087
0.0037424049250123154
0.003741047824026509
0.0037397736093093817
0.00373901226752957
0.003739014357807825
0.0037395713482391243
0.0037400784855924508
0.003740410988592187
0.0037408716539502726
0.0037411220013174066
0.0037410710483532926
0.0037412636853677134
0.0037414321135722287
0.0037408841952196173
0.0037400669800942738
0.0037398599851978273
0.003740285207457367
0.0037407499746501794
0.003740885196061118
0.003740932447082596
0.0037410862733359015
0.0037411020438077886
0.0037408964516175
0.003740555623330037
0.003739966896013968
0.003739179895798732
0.003738139437640077
0.003737065947714796
0.0037367188288307917
0.003737504218047037
0.0037388268804570317
0.003739769878268674
0.0037402445159521657
0.0037404750920171804
0.0037404508050923055
0.003740242811591341
0.0037400164116147775
0.003740018096733217
0.0037404963393624065
0.0037411312642109504
0.0037411245742930994
0.003740341399475813
0.0037396905148196595
0.0037395896720989912
0.00373947747880717
0.0037393908061168473
0.0037396961930468925
0.003739784404225726
0.003739336001496104
0.0037388351762211026
0.0037387768084421362
0.003739167903125381
0.003739782525803825
0.0037404120704464285
0.0037406094153227447
0.003740765196651277
0.0037414333609053097
0.0037419926361525156
0.003741778793027444
