0.214871977
0.197189361
0.18007299633333335
0.163830166
0.14874712433333334
0.13503997466666667
0.12284816333333333
0.11221629833333334
0.10307953033333334
0.09527684666666666
0.088608011
0.08288886766666667
0.07797482166666667
0.07374598566666667
0.070093218
0.06692703333333333
0.06417141
0.06176715766666667
0.059666071
0.057828549666666666
0.056223993
0.054825982
0.053610599
0.0525561
0.05164347
0.050854111333333334
0.05017134966666666
0.049580484333333334
0.04907132933333333
0.048634092
0.048262363333333336
0.047947277
0.047682542
0.04745957333333333
0.047272413
0.04711726633333333
0.04698986833333333
0.046888177
0.046806105333333334
0.046740978
0.046687975
0.04664439966666667
0.04660846366666667
0.046581533333333335
0.04656250633333334
0.04654825133333333
0.046538467666666666
0.04653208366666667
0.046529084
0.046528126
0.04652815033333333
0.046527821
0.04652888533333333
0.046530942666666665
0.046533769333333336
0.046537734666666664
0.046539293333333336
0.04653677666666667
0.046530980666666666
0.04652044933333333
0.04650715366666667
0.04649208666666667
0.04647565
0.04645871866666667
0.046441486
0.046424748
0.04640972933333333
0.04639596433333333
0.046382937666666665
0.04637049633333333
0.04635848133333333
0.04634649766666667
0.046333712666666665
0.04632141066666667
0.046309105
0.04629776133333333
0.046287808666666666
0.04628057766666667
0.046274587666666665
0.046267608333333335
0.046260102666666664
0.04625168833333333
0.046242071333333336
0.04623148133333333
0.046221477
0.04621314333333333
0.046206994
0.046202746333333336
0.046198939
0.046196402666666664
0.046195087333333336
0.046194958
0.04619292466666667
0.046187906
0.046181275333333334
0.046174018666666664
0.046164227333333335
0.04615568233333334
0.04614942166666667
0.04614478
0.04614157533333333
0.046140494666666663
0.046139867
0.046141415
0.046143696666666664
0.04614725133333333
0.04615058566666667
0.04615333333333333
0.046154729666666665
0.04615532633333334
0.046155629
0.046155426666666666
0.04615364166666667
0.046151900333333336
0.046148944
0.04614693733333333
0.046146269
0.046147308
0.04615119166666667
0.046157660333333336
0.046164075666666665
0.046170813
0.046177086666666665
0.04618275833333333
0.046188155333333335
0.046192411
0.046197873
0.046204494666666665
0.046212617666666664
0.046221577
0.04623185033333333
0.04624350433333333
0.046253663
0.04626237566666667
0.046270298333333335
0.046276717333333335
0.046281084
0.04628579
0.04629062933333333
0.046296854
0.04630324266666667
0.046309316
0.046314589
0.046321248
0.04632911533333333
0.046336961
0.046343772666666665
0.046349165
0.046353629
0.04635791533333333
0.04636174366666666
0.04636610333333333
0.046368655333333335
0.046368042
0.04636409
0.04635838766666667
0.04635196566666667
0.046345833333333336
0.046340338
0.046336091333333336
0.046333398666666664
0.04633339366666667
0.04633376
0.046332589333333334
0.046329936
0.04632582
0.046320406
0.046312649666666664
0.046302444666666664
0.046290793
0.04627840033333333
0.04626670633333333
0.046257162666666664
0.046250617
0.046245552333333335
0.046242114333333334
0.04624000466666667
0.046238002
0.04623761233333333
0.04623923466666666
0.046242841
0.046247125
0.046251244
0.04625433633333333
0.04625502966666667
0.046256221
0.04625516266666667
0.04625241066666667
0.04624751
0.046240849333333334
0.046234433
0.046229096666666664
0.046225275333333336
0.046221217333333335
0.04621675966666667
0.046210628
0.04620390466666666
0.046197611666666666
0.046193292
0.046190672333333335
0.04618989133333333
0.04618961766666667
0.046191363666666665
0.046196557
0.04620568666666667
0.046217268
0.046230431
0.046241840666666666
0.046250458
0.046255394666666665
0.046257826333333335
0.046258967666666664
0.04626014466666667
0.04626084366666667
0.046262959
0.04626577
0.046268401
0.04627024933333333
0.046269986666666665
0.046267896
0.046265888
0.046263447666666666
0.04626183733333333
0.046260084
0.04625730833333333
0.046253634333333335
0.046251048
0.046250496333333335
0.046250708333333335
0.046250242
0.046248225
0.04624559366666667
0.046243372666666664
0.046241408
0.046239018
0.046237131
0.04623570933333333
0.04623562266666666
0.04623804533333333
0.046243148666666664
0.04625051633333333
0.046259591333333336
0.046271591333333334
0.046284411666666664
0.046297831666666664
0.04631201133333333
0.04632550566666667
0.046337519
0.046349175666666666
0.046361100333333335
0.046371150666666666
0.046378241333333334
0.046382334
0.046383753
0.04638161566666667
0.04638010733333333
0.046378349666666666
0.046376593
0.04637357266666667
0.046368533
0.04636044933333333
0.046353384
0.04634777733333333
0.046342185
0.046337204
0.04633383233333333
0.046333714666666664
0.046333981333333336
0.046336201
0.04633963133333333
0.046341704
0.046343434
0.04634494633333333
0.046345694666666666
0.046345206666666666
0.04634179533333333
0.046336137
0.046328950333333334
0.04632043266666667
0.046312124333333336
0.046303455
0.04629450266666667
0.04628677766666667
0.04628103066666667
0.046276703
0.04627330366666667
0.04626882733333333
0.04626649066666667
0.046266276
0.046267254333333334
0.046266878666666664
0.04626697233333334
0.046267533666666666
0.04626905766666667
0.046270611333333336
0.046270504
0.046268132
0.04626508433333333
0.046261818
0.046258775333333335
0.046254272
0.04624995666666667
0.04624543366666667
0.046239666666666665
0.04623471466666667
0.04622911366666667
0.04622386233333333
0.046218051333333336
0.04620990133333333
0.04620103833333333
0.046192328666666664
0.04618411866666667
0.04617668
0.04616978866666667
0.046163445666666664
0.046157249666666664
0.046151353
0.046148052
0.046147832
0.046150478333333335
0.046152558333333336
0.046152813
0.046150666
0.046145982
0.04614077133333333
0.046134474333333335
0.04612605733333333
0.04611649933333333
0.046106877666666664
0.04609775766666667
0.046089367
0.04608483433333333
0.046081749
0.046080389
0.046078963
0.04607571566666667
0.04607255566666667
0.046069529
0.046067174333333336
0.04606650066666667
0.046066793
0.04606949866666667
0.04607554566666667
0.046087028
0.04610439066666667
0.04612418966666667
0.04614482366666667
0.046166919
0.046190909333333335
0.04621573833333333
0.04623720233333333
0.046256554
0.046275141
0.046291992
0.046305752
0.046315578333333336
0.04632226466666667
0.046325652
0.046326333
0.046325360333333336
0.04632128
0.046315302333333336
0.046308898333333334
0.046301869333333336
0.04629471266666667
0.046287331
0.046279326
0.046272059666666664
0.04626533966666667
0.04625856133333334
0.04625109966666666
0.046242661666666664
0.046231683333333336
0.046217954
0.046201829666666666
0.046182734
0.04616224966666667
0.046142293333333334
0.046125164333333336
0.04611124233333333
0.046102552
0.046098908333333334
0.046098675666666665
0.046101146333333336
0.046104672
0.046108981
0.046113641
0.04611918366666667
0.046123934666666665
0.04612916366666667
0.046136724
0.046145704
0.046154741
0.046163247666666664
0.046171990333333336
0.046182605
0.04619514633333333
0.04620710233333333
0.046218203
0.046228972666666666
0.046239014
0.04624769833333333
0.046254663333333335
0.046261674333333336
0.04626922633333334
0.046276843666666664
0.046282775666666665
0.04628587133333333
0.046287384
0.04628565366666667
0.046280711333333335
0.04627257133333333
0.04626223333333333
0.046251437
0.046241827
0.04623418533333333
0.046229479
0.046225654
0.046220617
0.046212599
0.046202185
0.04618886466666667
0.046174612
0.046158264666666664
0.046141087
0.04612429133333333
0.046110227
0.04609758133333333
0.046085588
0.04607354833333333
0.046063080666666666
0.046052335
0.046041157
0.046030297666666664
0.046021343666666666
0.046014844666666666
0.046010889666666666
0.04601092033333333
0.046012577666666665
0.046014687666666665
0.04601744233333333
0.046020796333333336
0.046023637
0.046026415
0.04602969233333333
0.046035056
0.046042003666666664
0.046049446
0.04605713733333333
0.046067028333333336
0.04607679333333333
0.046089618666666665
0.04610461033333333
0.04611990766666667
0.046135963333333335
0.046151408666666664
0.04616548966666666
0.046178856
0.046192315
0.046203848666666665
0.04621249266666667
0.046216822666666664
0.046216169333333335
0.046210868333333335
0.04620126533333333
0.046190295
0.04618022233333333
0.046173012
0.046170886
0.046173684666666666
0.046179344666666663
0.046186660666666664
0.04619233033333333
0.04619658166666667
0.04619983766666667
0.046201377333333335
0.046200531
0.04619663633333333
0.046189323666666664
0.04617710433333334
0.046161075333333336
0.04614366566666667
0.04612672933333333
0.04611147266666667
0.04609937966666667
0.046089388
0.046082782333333336
0.046077485333333335
0.04607332966666667
0.04606956366666667
0.046066935
0.04606602466666666
0.04606679466666667
0.04606846766666667
0.046070738
0.04607439866666667
0.0460797
0.046084139333333336
0.046088651
0.046091013
