0.788804
0.771794
0.754897
0.738193
0.7217695
0.705665
0.6899145
0.6745065
0.659433
0.6446745
0.630214
0.6160385
0.602154
0.588552
0.575221
0.5621445
0.5493255
0.536755
0.524443
0.5123855
0.500589
0.4890365
0.4777285
0.4666815
0.4558725
0.445296
0.434945
0.4248105
0.414892
0.4051915
0.395704
0.386432
0.3773555
0.3684815
0.3598095
0.351355
0.343093
0.3350325
0.3271825
0.319537
0.3120855
0.304823
0.297724
0.2907845
0.284009
0.2774155
0.2709765
0.2647165
0.2585945
0.2526155
0.246754
0.2410135
0.235398
0.2298935
0.2245055
0.219237
0.214085
0.20903
0.2040815
0.199246
0.1945315
0.1899075
0.185385
0.1809575
0.1766315
0.1724145
0.1683005
0.164291
0.1603835
0.156575
0.152864
0.149251
0.145717
0.142266
0.1389
0.1356315
0.1324485
0.129347
0.126308
0.123354
0.1204765
0.11767
0.11493
0.112256
0.1096535
0.1071095
0.104628
0.102206
0.0998345
0.097526
0.0952715
0.0930645
0.0908995
0.0887865
0.08672
0.0846995
0.082718
0.0807895
0.0789035
0.0770515
0.0752395
0.0734675
0.0717275
0.0700185
0.068341
0.0666985
0.06509
0.063519
0.061996
0.0605045
0.059041
0.0576105
0.056214
0.0548495
0.05352
0.0522275
0.0509625
0.049728
0.0485255
0.047355
0.046212
0.045102
0.0440115
0.0429445
0.041903
0.0408925
0.039904
0.038939
0.0379975
0.037079
0.036175
0.0352895
0.0344185
0.0335615
0.0327195
0.0318995
0.031099
0.030315
0.0295515
0.028807
0.0280775
0.0273635
0.0266635
0.0259765
0.0253115
0.024664
0.0240305
0.023416
0.0228135
0.022226
0.0216535
0.0211025
0.020563
0.0200345
0.0195195
0.019022
0.018542
0.0180775
0.017624
0.0171825
0.016752
0.0163325
0.0159235
0.015525
0.015136
0.0147565
0.014387
0.014024
0.013665
0.013312
0.0129655
0.0126245
0.012293
0.01197
0.0116525
0.0113455
0.011045
0.010752
0.0104645
0.0101835
0.0099075
0.0096395
0.0093755
0.0091165
0.008865
0.008624
0.0083925
0.008168
0.007952
0.007742
0.007538
0.0073395
0.007154
0.006974
0.0068005
0.006632
0.006472
0.0063185
0.0061695
0.0060225
0.005877
0.0057335
0.0055925
0.005453
0.005316
0.00518
0.005045
0.0049135
0.0047855
0.004661
0.0045395
0.004423
0.0043135
0.004208
0.0041065
0.004008
0.0039145
0.0038225
0.003732
0.0036435
0.003556
0.003469
0.003384
0.003301
0.003219
0.0031395
0.0030605
0.0029835
0.00291
0.00284
0.0027725
0.0027105
0.00265
0.002591
0.002533
0.002476
0.002421
0.0023665
0.002312
0.002258
0.0022045
0.0021515
0.0021
0.0020495
0.002
0.001951
0.001903
0.0018555
0.0018085
0.0017625
0.001717
0.0016725
0.00163
0.001588
0.001547
0.0015065
0.001469
0.001433
0.0014
0.001367
0.0013365
0.001306
0.001277
0.0012495
0.001222
0.001195
0.0011685
0.0011425
0.0011175
0.0010935
0.0010695
0.001046
0.001023
0.001001
0.0009795
0.000958
0.000937
0.000916
0.000895
0.0008755
0.000857
0.0008405
0.000825
0.0008095
0.0007945
0.0007795
0.0007645
0.0007495
0.0007345
0.0007195
0.000705
0.0006905
0.0006765
0.0006625
0.000649
0.000636
0.000623
0.00061
0.000597
0.0005845
0.000572
0.0005595
0.000547
0.0005345
0.000522
0.0005095
0.000497
0.0004845
0.000472
0.0004595
0.000447
0.0004345
0.000422
0.0004095
0.000397
0.0003845
0.000372
0.0003595
0.0003475
0.0003375
0.0003275
0.0003175
0.0003075
0.000298
0.0002885
0.0002795
0.0002705
0.0002615
0.0002525
0.000244
0.0002355
0.000228
0.0002215
0.000215
0.00021
0.000205
0.0002
0.000195
0.00019
0.000185
0.00018
0.000175
0.0001705
0.000166
0.0001615
0.000157
0.0001525
0.000148
0.0001435
0.0001395
0.0001355
0.0001315
0.0001275
0.0001235
0.0001195
0.0001155
0.0001115
0.0001075
0.0001035
9.95e-5
9.55e-5
9.15e-5
8.75e-5
8.35e-5
7.95e-5
7.65e-5
7.35e-5
7.05e-5
6.75e-5
6.45e-5
6.15e-5
5.9e-5
5.65e-5
5.4e-5
5.15e-5
4.9e-5
4.65e-5
4.45e-5
4.25e-5
4.05e-5
3.85e-5
3.65e-5
3.45e-5
3.25e-5
3.05e-5
2.85e-5
2.75e-5
2.65e-5
2.55e-5
2.45e-5
2.35e-5
2.25e-5
2.15e-5
2.05e-5
1.95e-5
1.85e-5
1.75e-5
1.65e-5
1.55e-5
1.45e-5
1.35e-5
1.25e-5
1.15e-5
1.05e-5
9.5e-6
8.5e-6
7.5e-6
6.5e-6
5.5e-6
4.5e-6
3.5e-6
2.5e-6
1.5e-6
5.0e-7
0.0
0.0
0.0
0.0
0.0
0.0
0.0
0.0
0.0
0.0
0.0
0.0
0.0
0.0
0.0
0.0
0.0
0.0
0.0
0.0
0.0
0.0
0.0
0.0
0.0
0.0
0.0
0.0
0.0
0.0
0.0
0.0
0.0
0.0
0.0
0.0
0.0
0.0
0.0
0.0
0.0
0.0
0.0
0.0
0.0
0.0
0.0
0.0
0.0
0.0
0.0
0.0
0.0
0.0
0.0
0.0
0.0
0.0
0.0
0.0
0.0
0.0
0.0
0.0
0.0
0.0
0.0
0.0
0.0
0.0
0.0
0.0
0.0
0.0
0.0
0.0
0.0
0.0
0.0
0.0
0.0
0.0
0.0
0.0
0.0
0.0
