0.024264625
0.01852036987965637
0.010418429064024376
0.007019588655702614
0.005659942036257755
0.005034066123864933
0.004684469922598779
0.004436726709450817
0.0042488096666003046
0.0040837834636357085
0.003938144022410798
0.0038070770081289774
0.0036629656257646985
0.0035220600545530327
0.0034144636623346402
0.003336218805302497
0.003272906135163196
0.0032205292305844194
0.003176550101606366
0.003125596594816316
0.0030700938321572557
0.0030368038423678736
0.00302122698828874
0.002995155434555627
0.0029659227475059492
0.0029432851471683607
0.002918635788691159
0.0028866662445028043
0.002852990525544668
0.0028359450653158594
0.0028275352730200887
0.002812260264614668
0.002799924927123764
0.002794957660183813
0.002790293092861726
0.0027916075072379003
0.002817152917572996
0.002856623335285496
0.0028771953260559586
0.0028772306331037154
0.0028619784663455484
0.0028422005115070832
0.00284919962581493
0.002879856373190928
0.002907293529690796
0.0029264372341086817
0.0029241499720842595
0.0028997940185180888
0.0028923705444507527
0.0029076319821730247
0.0029127639758963412
0.002909710940455775
0.0029154595474230826
0.002919694759781904
0.0029085135218762507
0.002879340972061221
0.002843391266442576
0.002822526607655861
0.002824268018505668
0.002843948543764576
0.0028626988685470887
0.0028565347841678678
0.002837885114790969
0.0028447845500563264
0.002863980357726251
0.0028653379438426515
0.0028570227924595943
0.0028481790475617707
0.002842704446873925
0.0028464523082883234
0.002853243946890113
0.0028529530097902754
0.002850750893873926
0.0028601574110620636
0.0028813733264176334
0.0028966683027106016
0.0028746548957615395
0.0028405199180145725
0.0028371699822503558
0.0028455176289514817
0.0028378979842486204
0.0028236969993853194
0.00281184284782171
0.002791005153079358
0.0027633941155622028
0.002741394263688131
0.002738272532998394
0.0027533329396799153
0.002767403428908074
0.0027661048031600564
0.002753109727018341
0.0027462885715839503
0.002750743105962226
0.002758238729275741
0.0027637580043398096
0.0027764650558732063
0.002797808136194957
0.0028066162493554938
0.0028103811026815037
0.0028123079952669223
0.0027964125302905197
0.0027858019260093604
0.0027854493798339258
0.0027780301662108154
0.002782489509373144
0.002808058081570711
0.0028285493762923255
0.0028367265395261958
0.002835045241006288
0.002821921049037369
0.002814837341930004
0.0028102226389695923
0.0027965817896729085
0.0027870788340349753
0.0027881398756269826
0.0027923809509725864
0.00278785511739139
0.0027678838821918452
0.00274574962278641
0.0027372892559783947
0.0027379225205389334
0.002738053175574031
0.0027355295788685408
0.002735010865256276
0.0027368673276911178
0.0027322399467667583
0.0027408786793628216
0.002766834265140682
0.0027746159655051552
0.0027728163826023174
0.0027782868226878727
0.0027785907859912344
0.0027796808889731226
0.002785237556210779
0.0027876947879085174
0.0027885804097230447
0.0028002144195420245
0.0028232976038509786
0.002837354797919649
0.0028446394983134907
0.0028587263364876843
0.002868789490627582
0.0028640570405842683
0.0028502078087987437
0.0028320514362249003
0.0028176685492220005
0.002798985182800816
0.0027758013777853
0.0027746037355889015
0.0027784723102318863
0.002774530250435776
0.0027863168031890817
0.002805142839309692
0.002816910433396034
0.0028277304581792724
0.002827528974972621
0.002821899195470395
0.0028250381253999883
0.002827908796658907
0.002837473906813626
0.0028692093412250124
0.0029041044451282743
0.002916025185992685
0.002900575272186899
0.00287648600247497
0.002872922444339354
0.0028852154357991784
0.002890870575067099
0.002883385749145153
0.0028724258946980523
0.0028696731751236353
0.0028678057812015685
0.00285645977471038
0.0028502036733461323
0.0028529575434468437
0.0028580025672198845
0.002867228415356184
0.0028732243447958327
0.0028790864752470725
0.0028945679170756878
0.002902807994512628
0.0028919481387592247
0.002886405934067205
0.002891826435056979
0.0028851503304372873
0.00287699233750313
0.002873098856031762
0.00285828861799447
0.0028559757151147306
0.002877761222356643
0.0029008027531728176
0.0029223191885208574
0.0029367891286247796
0.0029239060269214004
0.002897882094880133
0.0028826309076482493
0.0028721571331450286
0.0028654139991788614
0.002859073027130473
0.0028419429248203497
0.0028230583227162862
0.002816601600727302
0.002829587730227379
0.002841809017172445
0.0028352887358913605
0.0028230090831546126
0.002811018762521622
0.002800607517002069
0.0028028380301069167
0.002818508401867415
0.0028411044168998906
0.0028541018777342953
0.0028578312040524476
0.0028673563725533924
0.0028676085596751706
0.0028596075841840637
0.002863618919392244
0.00287975295795884
0.002896205693536937
0.002883934327131453
0.002852335124064194
0.002830780783157106
0.0028164666549565474
0.002811864822626354
0.002817047321996112
0.0028165774972957478
0.0028204850283236847
0.002833250037540016
0.0028321551844960676
0.002833794663722176
0.002865890703430121
0.0029056535506563046
0.0029238481260576085
0.0029195430188183723
0.002907613119649322
0.0029008499595692175
0.0029000728895098643
0.0028902571368509132
0.0028596454240635886
0.0028452776357474094
0.0028533089663852953
0.0028467479979857454
0.002830526184166276
0.0028125455380353355
0.0028042457757243133
0.0028102094119509045
0.0028109634020283647
0.0028155912655350858
0.002821597431028241
0.0028236910294597898
0.0028438106548750964
0.0028642833371671254
0.0028635185390421614
0.0028689965956124916
0.002876108032502166
0.0028662645647842305
0.0028496495707981996
0.002845658838090342
0.002863164988640021
0.002877635620228473
0.002876739487851472
0.0028630693843876864
0.0028367074160243777
0.002816469317232361
0.002813253536961335
0.0028216796166288514
0.002822109148725005
0.0028107015219375245
0.002814889234955457
0.002833758108984998
0.0028277472886124176
0.0028063535066326665
0.002799917895796207
0.0027951767548039263
0.00278164042686592
0.0027700598963336614
0.0027613246419960053
0.0027608174660379956
0.0027801063833905325
0.0027960026989352874
0.002799198156641236
0.002804261404792797
0.0028122810115069337
0.0028166233349186747
0.002826853846471486
0.0028532703721940744
0.0028806492721886678
0.0028979458749031147
0.002905943621655495
0.0029082019960229417
0.0029064516107063856
0.0029015414174987566
0.0028899972713484247
0.0028719586743296333
0.0028678095998561064
0.0028790224985566523
0.002882000501519765
0.0028810602582108823
0.002889055103991084
0.0028916873292481747
0.002884814745430005
0.0028862899793131655
0.0029021552948887384
0.002908445358918161
0.00290098266963665
0.002894069253968051
0.002886206215602879
0.002890118264115928
0.002900750882448068
0.002890303767863579
0.0028772363062824534
0.002879494016702695
0.002878903721228171
0.002888382683702428
0.0029085152384663725
0.0029077296402765795
0.0028915659731153396
0.002886972262639074
0.0028953740644345294
0.0028909435819483805
0.002877145928807977
0.002874887733111725
0.0028742227831473582
0.002873599383393599
0.0028817310426657115
0.0028988601653928514
0.0029095563803176244
0.002900565745304897
0.0028842505214408194
0.0028800200784444624
0.0028875947877652964
0.0028894823739880485
0.0028910712043810245
0.0028979856229657958
0.002898748494868088
0.0029009869464853106
0.002907058750209835
0.0028971708148675312
0.0028793268146124974
0.002871019730652043
0.0028627110096605874
0.002851435221842092
0.0028433844298408023
0.002841945885717383
0.002846063092465788
0.0028426430843824517
0.002841753439911043
0.0028573722555615966
0.002882960931362254
0.002912057583273934
0.0029277642080971045
0.0029239953351288166
0.0029073330968089396
0.002885920055597741
0.0028867399225120456
0.0029146267152059873
0.002927359976722404
0.002920013631177144
0.002924882740734906
0.002942020329745092
0.002961755195822945
0.0029588173904130325
0.002929149522180889
0.0029058012529153522
0.0028910916860918952
0.0028782253383529614
0.002876165731796709
0.002875126411069582
0.002868069079480125
0.0028662561142324423
0.002873593400792458
0.002882889861062972
0.0028838886837939458
0.0028794056493756264
0.0028781010819653474
0.0028681412429542156
0.002853680872550536
0.0028527963614253466
0.002850587341154599
0.002850441909665675
0.002863206986300043
0.002875286158007819
0.002871912302236136
0.0028477679466703677
0.0028249091600407433
0.0028132765709588527
0.0028116808762658567
0.00282152106009995
0.002816771360507687
0.0027920362335015453
0.0027767558598363147
0.0027840525149465667
0.002785228044831384
0.002765613950934648
0.002756393247862338
0.0027769286226849536
0.0028047578981869846
0.002812239121122918
0.0028094793513796065
0.002815246184284739
0.0028293108562562185
0.0028366434789336946
0.0028173984547395395
0.00278345857379772
0.0027621038624633465
0.002766562031574398
0.0027764923529744593
0.0027815640838853815
0.0028075611509204524
0.0028363503464452393
0.002842732666051879
0.002849408945985827
0.002852869867736706
0.002843197639042679
0.0028392206333569285
0.002835736930668823
0.0028301718216511
0.0028387668892958145
0.0028486806497063284
0.0028456355277919755
0.002828823805701285
0.002806938767709623
0.0028021372683042518
0.0028112204786145704
0.0028183878568114277
0.0028200432154770975
0.0028046959786952753
0.0027766099536648526
0.0027840708945593897
0.0028235684454724855
0.0028468044055491434
0.0028483488665896283
0.0028441024600525324
0.0028484253697938886
0.0028473875581665107
0.0028248994051077963
0.002802635275969089
0.002783515589052406
0.0027683465793740497
0.0027783956605514715
0.00278682069831007
0.002771740327248153
0.002766032419210266
0.0027716469037751563
0.0027746290787537776
0.002790857958926564
0.002819097416430355
0.002831764508060011
0.0028276219414251126
0.002821365932013571
0.0028193091404647205
0.00282495875972917
0.0028241406105678126
0.0028216136365784798
0.0028392315594805797
0.002859970347975934
0.0028618612012082595
0.002847460425118402
0.0028249198163040894
0.0028004700421621906
0.0027892193459174274
0.0027875403391156234
0.0027853712583265416
0.0027937454228664635
0.002807524199087976
0.00281934645211239
0.0028385833428972583
0.0028630157062377783
0.002872376072282724
0.0028692060195197222
0.002884857413532923
0.002909509224840575
0.0029084396773770864
0.002880317524001492
0.00285144663261351
0.0028558932699046893
0.00287767120752776
0.0028833708494300854
0.0028721338616491607
0.00284323868358466
0.0028211247832138583
0.0028237053961866496
0.0028316578960173883
0.0028432351018232993
0.0028697529487387245
0.0028959098494663734
0.0028918512110534564
0.002876365141823554
0.0028745944530978048
0.002866778412979668
0.0028519267415832716
0.002839930997597419
0.0028220901808834213
0.0028042431664848174
0.002800824565714729
0.0027990129634854984
0.0027900457015886176
0.0027852613238616396
0.002791313462945184
0.0028001748862142304
