0.788804
0.771794
0.755192
0.739293
0.724429
0.7107645
0.698507
0.6876905
0.6781965
0.669936
0.662777
0.6565775
0.6512475
0.6466455
0.64265
0.6392015
0.6362025
0.6335755
0.6313155
0.6293495
0.627651
0.6262145
0.625014
0.624
0.623126
0.62233
0.6216145
0.6209885
0.6204585
0.6199965
0.6195995
0.6192535
0.618931
0.618628
0.618384
0.6181975
0.618065
0.617995
0.6179905
0.6180185
0.618062
0.6181105
0.618124
0.618137
0.6181325
0.6181615
0.618194
0.618252
0.6183105
0.618346
0.618333
0.6183315
0.618318
0.6182715
0.6182355
0.618209
0.618178
0.6181515
0.618074
0.6180265
0.617976
0.6179035
0.617791
0.617693
0.6176175
0.617588
0.617585
0.617578
0.6175345
0.617462
0.617433
0.6174065
0.617337
0.6172985
0.6172285
0.6171315
0.6169575
0.616774
0.616581
0.616452
0.6163375
0.6162895
0.6162255
0.616119
0.61596
0.6158115
0.615614
0.615396
0.615154
0.6149295
0.61474
0.614631
0.614561
0.6145215
0.6145155
0.614568
0.6146185
0.6146955
0.614861
0.615047
0.6151865
0.6152765
0.6153505
0.615406
0.615423
0.6154355
0.6153995
0.615318
0.615208
0.615088
0.61496
0.6148415
0.6147575
0.6147405
0.6147345
0.6147735
0.614844
0.6148905
0.614917
0.614929
0.6149375
0.6149665
0.6149955
0.615071
0.6151725
0.615255
0.615332
0.615368
0.6154065
0.6154645
0.6155115
0.6155625
0.61563
0.615642
0.6156435
0.6156655
0.615692
0.615693
0.6156605
0.615633
0.615595
0.6155755
0.6155615
0.6155895
0.615622
0.6156845
0.6157835
0.615957
0.6161505
0.616401
0.6166125
0.616777
0.6168865
0.616947
0.616974
0.617002
0.6170225
0.6170575
0.6170845
0.617076
0.6170415
0.6170035
0.616968
0.6168815
0.616826
0.616814
0.616809
0.616763
0.616684
0.6165795
0.6164965
0.6164825
0.616484
0.6165265
0.6165835
0.6166325
0.6166595
0.616705
0.6167475
0.616774
0.616852
0.616948
0.617052
0.6171295
0.617197
0.6172275
0.6172855
0.617333
0.617394
0.617465
0.6175245
0.6175485
0.617596
0.6176805
0.617745
0.6177885
0.61775
0.6176505
0.617559
0.6174705
0.6174355
0.6174035
0.617401
0.6174365
0.6174565
0.617461
0.617424
0.6173235
0.617227
0.6171025
0.616973
0.616882
0.6168225
0.6167475
0.6167125
0.616695
0.616686
0.6166645
0.616667
0.6166605
0.616643
0.6166115
0.6165925
0.6165825
0.6165455
0.6164725
0.616407
0.616379
0.616417
0.6164825
0.616557
0.616675
0.616818
0.6169715
0.617156
0.617392
0.6176975
0.6180165
0.6183205
0.618575
0.6187525
0.618857
0.618911
0.61894
0.6189695
0.619024
0.6190395
0.6190315
0.6190315
0.619018
0.619014
0.619024
0.6190625
0.619102
0.619136
0.6191925
0.6192275
0.6192525
0.6192425
0.6191835
0.6190845
0.6189555
0.618881
0.6188325
0.6187765
0.6187145
0.6186705
0.61867
0.618625
0.618613
0.618574
0.61851
0.6184025
0.6182865
0.618184
0.6180815
0.6179295
0.617808
0.617716
0.6176895
0.617692
0.6176885
0.617718
0.617756
0.6178305
0.6179395
0.618094
0.6182715
0.6184445
0.6186415
0.618876
0.6190905
0.6192955
0.6194595
0.6196135
0.619735
0.619845
0.6199655
0.620041
0.620033
0.619992
0.619937
0.619923
0.6199205
0.6198865
0.6198415
0.6197535
0.619709
0.6196995
0.6197415
0.6198215
0.6199045
0.619947
0.6199895
0.6200405
0.6200605
0.6200425
0.6199785
0.619949
0.6198695
0.6197775
0.6196595
0.6195255
0.6193895
0.619203
0.6189755
0.618718
0.618506
0.618326
0.618184
0.6180795
0.617992
0.6179405
0.617896
0.617848
0.617787
0.6176545
0.617433
0.6172475
0.6170685
0.6169275
0.6168875
0.6169125
0.6170025
0.6170995
0.6171655
0.6172085
0.6172635
0.6173085
0.617363
0.617438
0.617512
0.6175885
0.6176835
0.6177625
0.617861
0.617937
0.617991
0.6180645
0.6180945
0.6180415
0.617966
0.617896
0.6178595
0.617832
0.6178315
0.61781
0.6178265
0.6178165
0.6178295
0.617837
0.6178305
0.6178035
0.6177705
0.617707
0.617654
0.617596
0.617526
0.617466
0.617378
0.617327
0.6172745
0.61721
0.6171075
0.617013
0.6169235
0.6168395
0.616737
0.616657
0.6165395
0.616433
0.6162675
0.6161365
0.616018
0.615908
0.615826
0.6157325
0.6156665
0.6156305
0.615559
0.6154365
0.6153185
0.615188
0.6150255
0.6149055
0.614829
0.6147755
0.614781
0.614784
0.6148035
0.6148925
0.615007
0.6151045
0.6151815
0.615223
0.615221
0.6151875
0.615166
0.615175
0.615152
0.615159
0.6152445
0.615309
0.6153595
0.6154275
0.615507
0.6156075
0.615703
0.615828
0.615987
0.616122
0.616222
0.6163065
0.616452
0.616643
0.6168085
0.616952
0.6170805
0.6171655
0.617226
0.6172375
0.617196
0.617109
0.6170335
0.6168765
0.6167475
0.616597
0.616455
0.61629
0.616118
0.6159685
0.615806
0.6156795
0.61559
0.6155365
0.6155115
0.6155425
0.61554
0.6155095
0.6154715
0.61542
0.6153855
0.615367
0.6153525
0.615378
0.615373
0.6154015
0.6154465
0.615479
0.6155455
0.615668
0.6157825
0.615915
0.6160925
0.616306
0.6165655
0.616868
0.6171825
0.61752
0.617864
0.61815
0.6184115
0.6186315
0.618777
0.6188945
0.618911
0.618924
0.6189265
0.6188975
0.6188745
0.6188455
0.618847
0.618867
0.6188695
0.6188595
0.6188305
0.6188065
0.618807
0.6188155
0.618814
