0.026151632957808316
0.025971801946703402
0.025348062651066632
0.0246591054671357
0.023867660724016547
0.022928860982694997
0.021859742113237282
0.020757121393232707
0.019658600856949305
0.018589844167537426
0.017607585485864767
0.016726482121396352
0.015961881209011958
0.015302894454153284
0.014709447091414928
0.014170354418537109
0.013712258203548303
0.013346831024309403
0.013062302757173617
0.012817349750603795
0.012577244865168771
0.012346035221699839
0.012170769920032003
0.012050265158649534
0.01192888579237149
0.011802762302275005
0.01167240613653271
0.011549587097316136
0.01144763134350896
0.011381182865368034
0.011346201239838297
0.011318021817863951
0.011272555997459894
0.011256899962401746
0.01129702418210588
0.011329429257242327
0.011329192118433607
0.011331391994288854
0.011337246136206618
0.011345970191863649
0.011368042490459182
0.011383399431682817
0.011370435921459011
0.011355618044518342
0.011377121016266327
0.011410627537021944
0.011449598734310283
0.011486718540530372
0.011472113150318455
0.011455465327116105
0.011474379283779923
0.011491622422603834
0.011516350664807547
0.011555176043738118
0.011595986236705727
0.011607347441887739
0.011564393437856502
0.01151293958094281
0.011518000231674938
0.011528875347611134
0.0114927355213189
0.011425486827113395
0.01138872406089687
0.011367421651904418
0.011352174120795819
0.011361217494208977
0.011392191945537453
0.01140115637706087
0.011410630586656523
0.011439822016900983
0.01145890357800437
0.011465112223567686
0.011461207871425693
0.011446329478372336
0.011418015662707363
0.011378722171856101
0.0113311115456892
0.011290727785658658
0.01124272378933246
0.011173833995877023
0.011113251366486063
0.011042809366251386
0.010959312295409501
0.010875004377028302
0.010824936477165242
0.010804480405508191
0.010789028035389598
0.0107718111113175
0.010770860913019046
0.010779872716029372
0.010779365518972222
0.010756893573984483
0.010708989345722387
0.010661568490280927
0.010664404385372113
0.010693632697951129
0.010704953707067621
0.01070561941194494
0.010723209284137213
0.010750255241184009
0.01079233721694892
0.010828031519566888
0.010865434751567263
0.010940936025700796
0.010999465074912406
0.01102722173470043
0.011038837092804182
0.011054049904793604
0.011094097699889189
0.011137758776356987
0.011187969062534924
0.011237103562835946
0.011253371768483561
0.011248729760851787
0.01123639367084781
0.011214371344440931
0.01118570342485469
0.01116448819331774
0.011159229901719431
0.01116497942380083
0.011166624502482642
0.011141172209996886
0.011103175055040958
0.011071717619667283
0.01105176336182351
0.011040418641188742
0.011030909324465014
0.011006453126278503
0.010985324829424487
0.010975177948967362
0.01096352232398049
0.010952751687504517
0.010962747806915599
0.01097200377334722
0.010984519506491873
0.011024769440820705
0.011068906236080988
0.011095965586492512
0.011067906534000358
0.011017648895818173
0.010978760897001666
0.010954847834620798
0.010963849264755314
0.010993995205945323
0.011005586574272357
0.01100442200202633
0.01102288447495818
0.011062052118674962
0.011103905134030513
0.011138664897158184
0.011156666645452467
0.011178922526868638
0.011205079907872357
0.011229162145122611
0.01125792808057454
0.011263255295513202
0.011272115647098648
0.011286407644599119
0.011292874733343485
0.011285106175288606
0.011265297339047516
0.01125787539505951
0.01125721962643955
0.011253826827351637
0.011236472747231918
0.011204887737163797
0.011152648756152848
0.011092247833890791
0.011062465255858708
0.01106484803319248
0.011079129999173142
0.011095951103397434
0.011109807970618535
0.011112470087424867
0.011137881026809359
0.01119186032674435
0.011241635159339706
0.011264534927508113
0.011287522445674214
0.01132388984377448
0.011368930337705337
0.011415268762761473
0.011432150337719727
0.011414770074081723
0.01139785742898096
0.011376180744691686
0.011348483226157237
0.0113368559683729
0.01135672604422161
0.01138258154429533
0.01139523444339228
0.011386737823408745
0.01135612519072747
0.011327635273748173
0.01129978032678223
0.01126553823276
0.011223515386040737
0.011188597031799427
0.011164009594787895
0.011166039610507314
0.011175602179166183
0.011156168200566804
0.011153548019930327
0.01117595506108831
0.011175718033697941
0.011162912196401262
0.011161352925738142
0.01114066485972272
0.011098984817893561
0.01105482226363636
0.011024952567679032
0.011008206682164352
0.0110080883939064
0.011035222161980626
0.011066234306706018
0.011087291566295544
0.011110435188407512
0.011151366311206955
0.011185604010286948
0.011185392901599731
0.011168218474787939
0.011159039293797182
0.011151401194445269
0.011158219012223133
0.011177837122490167
0.011178935027634037
0.011146155809679552
0.011141171056701756
0.011181880527965848
0.011239735915827756
0.011280356985333886
0.011297359328323844
0.011297060075396865
0.011296525118034847
0.011302699423817205
0.011298677764219589
0.011314460397502005
0.011335896572820539
0.011342435415276114
0.011332658196277476
0.011311424568814243
0.011275740223755439
0.011218381288788272
0.011166581391182385
0.011139414268297688
0.011103168731634444
0.011068632416237616
0.011061972499609376
0.011077640770056739
0.011108367885615382
0.011111669492136345
0.011100092373275881
0.011086153392064787
0.011065563539644874
0.011051026659472205
0.01104686030454098
0.01108844909576295
0.01116837309506258
0.011234150586159604
0.011271299880849885
0.011297304582474382
0.011346448689580303
0.011405647253312046
0.011431301297591054
0.011426625389010852
0.011417431533565213
0.011403461994894474
0.011391938656705944
0.011365681778848342
0.01132642364257078
0.011278755021396735
0.011245296883729952
0.011222434930707128
0.011192719862609064
0.011168879858090248
0.011143862264568963
0.011137454712591508
0.011168876503514719
0.011209931014591471
0.011237943292235505
0.011283378000758388
0.011367207964450761
0.01144167582941895
0.011502642602729962
0.011543654430979223
0.011568932408245431
0.011608471965085337
0.011655156317192382
0.01168687846458346
0.01170992122805485
0.011755985480545156
0.01179592225727314
0.011819045749290566
0.01183128369853959
0.011813834801083823
0.011789926355016387
0.011789604715845432
0.011819777775770009
0.011823684960212777
0.011794865214904448
0.011764961008463786
0.0117385557872053
0.01172814953228314
0.011732756132292186
0.011723187661363649
0.011703545364844657
0.011680810856129443
0.011668907306364875
0.011682780184674306
0.011696636211742635
0.011705435967766542
0.011708559826757127
0.011709860684057632
0.011720406838392317
0.011717145612854855
0.011703989666826653
0.011682698650399871
0.011653662706356146
0.011627341772237235
0.011613969408844998
0.01159372381183579
0.011571513410222134
0.011557986809029218
0.011587776950198612
0.01163423629801674
0.011635939236456201
0.011591693273742685
0.011555755608211541
0.01157200279143073
0.011607288280958902
0.011634681494923589
0.011662055988162888
0.011657761494046598
0.011629846110566206
0.01158802870436042
0.011525616663405734
0.011486065147233777
0.011475580718001543
0.0114505990534631
0.011412313322708534
0.011366924536254356
0.011318742676040841
0.011272999185066739
0.011234626842970363
0.011189141859187046
0.01117133660128475
0.011190219607112402
0.011213462429368529
0.011248435612837369
0.01128993097923467
0.011335292734867584
0.011384850150759627
0.01142746109221952
0.011451571524369118
0.011485494799631943
0.01149904444318386
0.011501455196279497
0.011513654563488985
0.011506382502867207
0.011493144439470485
0.01150551017865222
0.011514014603071887
0.011516318152606318
0.011500587697049276
0.011452263798692082
0.011404420857799835
0.011388927867760782
0.011402058294401263
0.011426377642517084
0.011440870313843204
0.011435482932959517
0.011418088102018345
0.011388165200818763
0.011330814981324015
0.01125947305671204
0.011200101215227125
0.011173238129453837
0.011140296224829864
0.011093156646444792
0.01106221296725378
0.0110277335455816
0.010986712490465081
0.010966090453387135
0.01094348846622136
0.010932095233506894
0.010943650592599745
0.010939744187496759
0.0109115123952318
0.010879123714608235
0.010850283180694012
0.010803202257815916
0.010762364382391483
0.010755571003550688
0.010771831194003424
0.010791144236041456
0.01080103309101731
0.0107969578369405
0.010788853892570735
0.010779175791803517
0.010778141280393665
0.010785141943484464
0.010775003064162727
0.010759863101915682
0.01076255237451028
0.010765150506071837
0.010754505436456303
0.010754087903790467
0.01079830016628957
0.010857355812660431
0.010913366300678969
0.010968958893681826
0.010996167324374358
0.011004216171662189
0.011006219924079415
0.01100414094844553
0.011009630609656193
0.011024559891809971
0.011055128125532526
0.011090706879538557
0.011098618248971502
0.011095598329970742
0.011117792007304278
0.011132533749665349
0.011154418209887731
0.01118438854998822
0.011217789406404652
0.011239066686955066
0.011223051233525405
0.01119524637116151
0.011180870265471952
0.011193311501784787
0.01122321270114374
0.011235191260990452
0.011218728270310075
0.0111962048305768
0.011166573685059213
0.011138368865135424
0.011132080915232484
0.011121844351120574
0.011109429463166799
0.011098680660388528
0.01107545359905762
0.01105871825929487
0.011055500442996831
0.011053436585124353
0.011031418905484213
0.011010279138302147
0.011005177625642973
0.010996583614099838
0.010999607370881563
0.01100806145376713
0.011013705952178253
0.011023030790164087
0.01103246030336967
0.01103710577572651
0.01105638932778408
0.011106911126082183
0.01117027576433559
0.011209387281194161
0.01121461217836442
0.011186273091033188
0.011133478314325252
0.011067715532395168
0.01100111902318993
0.010973203295362676
0.010979120298951824
0.01097888789533199
0.010989966416732088
0.011039953574793508
0.011112305357507908
0.011167435954303561
0.011173854330913488
0.011149545239817009
0.011131602442840002
0.011131333527315677
0.011144213662566708
0.011142104522541801
0.011144204383979858
0.011162214267254698
0.011173002162800356
0.011172557165225165
0.011172102591038253
0.011180033744197383
0.011171790152107628
0.011150168446339622
0.01114919672413883
0.01118176388656273
0.01124348860041688
0.011302937952020758
0.011314735160331367
0.01129956823409571
0.011283191704844845
0.011266096501067666
0.011277213300020397
0.011308233894595725
0.011320337710265735
0.01131011999662073
0.011287020039905903
0.011249024097490281
0.011238613031496585
