0.211196
0.194186
0.177576
0.161648
0.146711
0.1329295
0.1205075
0.1094725
0.099705
0.0911175
0.0835805
0.076967
0.0711605
0.06604
0.061475
0.0573985
0.0537625
0.0504775
0.047553
0.044912
0.0425065
0.040321
0.038343
0.036506
0.0347755
0.0331265
0.0315955
0.030177
0.0288505
0.027592
0.0264225
0.0253005
0.024204
0.023159
0.0221735
0.0212535
0.0204
0.019629
0.0189165
0.018247
0.0176035
0.0169745
0.016349
0.0157405
0.0151625
0.014625
0.014117
0.0136035
0.0130995
0.012604
0.01211
0.011639
0.011175
0.0107175
0.010268
0.009854
0.009473
0.009109
0.008768
0.008436
0.008118
0.0078115
0.007516
0.007227
0.006951
0.006683
0.006422
0.006169
0.005917
0.0056655
0.0054225
0.005195
0.004971
0.004755
0.0045595
0.0043765
0.0042095
0.004056
0.0039155
0.003789
0.003651
0.0035235
0.0034085
0.0033045
0.003195
0.0031
0.0030045
0.0029065
0.0028095
0.002707
0.0026025
0.002499
0.002389
0.0022735
0.002151
0.0020285
0.001906
0.001786
0.0016755
0.001571
0.001472
0.00138
0.0012905
0.001199
0.0011105
0.001031
0.000959
0.0008945
0.00083
0.0007635
0.0007015
0.0006425
0.000588
0.000533
0.000476
0.0004165
0.0003615
0.000312
0.000268
0.000231
0.0002015
0.000181
0.000167
0.00016
0.0001545
0.000151
0.0001455
0.000139
0.0001335
0.0001305
0.000127
0.000123
0.0001195
0.0001155
0.0001165
0.000119
0.0001255
0.000134
0.000143
0.0001505
0.0001575
0.0001615
0.000161
0.000157
0.00015
0.000143
0.0001335
0.0001215
0.0001085
9.55e-5
8.3e-5
7.0e-5
5.85e-5
4.8e-5
3.85e-5
3.1e-5
2.55e-5
2.0e-5
1.5e-5
1.0e-5
6.5e-6
4.0e-6
2.0e-6
5.0e-7
0.0
0.0
0.0
0.0
0.0
0.0
0.0
0.0
0.0
0.0
0.0
0.0
0.0
0.0
0.0
0.0
0.0
0.0
0.0
0.0
0.0
0.0
0.0
0.0
0.0
0.0
0.0
0.0
0.0
0.0
0.0
0.0
0.0
0.0
0.0
0.0
0.0
0.0
0.0
0.0
0.0
0.0
0.0
0.0
0.0
0.0
0.0
0.0
0.0
0.0
0.0
0.0
0.0
0.0
0.0
0.0
0.0
0.0
0.0
0.0
0.0
0.0
0.0
0.0
0.0
0.0
0.0
0.0
0.0
0.0
0.0
0.0
0.0
0.0
0.0
0.0
0.0
0.0
0.0
0.0
0.0
0.0
0.0
0.0
0.0
0.0
0.0
0.0
0.0
0.0
0.0
0.0
0.0
0.0
0.0
0.0
0.0
0.0
0.0
0.0
0.0
0.0
0.0
0.0
0.0
0.0
0.0
0.0
0.0
0.0
0.0
0.0
0.0
0.0
0.0
0.0
0.0
0.0
0.0
0.0
0.0
0.0
0.0
0.0
0.0
0.0
0.0
0.0
0.0
0.0
0.0
0.0
0.0
0.0
0.0
0.0
0.0
0.0
0.0
0.0
0.0
0.0
0.0
0.0
0.0
0.0
0.0
0.0
0.0
0.0
0.0
0.0
0.0
0.0
0.0
0.0
0.0
0.0
0.0
0.0
0.0
0.0
0.0
0.0
0.0
0.0
0.0
0.0
0.0
0.0
0.0
0.0
0.0
0.0
0.0
0.0
0.0
0.0
0.0
0.0
0.0
0.0
0.0
0.0
0.0
0.0
0.0
0.0
0.0
0.0
0.0
0.0
0.0
0.0
0.0
0.0
0.0
0.0
0.0
0.0
0.0
0.0
0.0
0.0
0.0
0.0
0.0
0.0
0.0
0.0
0.0
0.0
0.0
0.0
0.0
0.0
0.0
0.0
0.0
0.0
0.0
0.0
0.0
0.0
0.0
0.0
0.0
0.0
0.0
0.0
0.0
0.0
0.0
0.0
0.0
0.0
0.0
0.0
0.0
0.0
0.0
0.0
0.0
0.0
0.0
0.0
0.0
0.0
0.0
0.0
0.0
0.0
0.0
0.0
0.0
0.0
0.0
0.0
0.0
0.0
0.0
0.0
0.0
0.0
0.0
0.0
0.0
0.0
0.0
0.0
0.0
0.0
0.0
0.0
0.0
0.0
0.0
0.0
0.0
0.0
0.0
0.0
0.0
0.0
0.0
0.0
0.0
0.0
0.0
0.0
0.0
0.0
0.0
0.0
0.0
0.0
0.0
0.0
0.0
0.0
0.0
0.0
0.0
0.0
0.0
0.0
0.0
0.0
0.0
0.0
0.0
0.0
0.0
0.0
0.0
0.0
0.0
0.0
0.0
0.0
0.0
0.0
0.0
0.0
0.0
0.0
0.0
0.0
0.0
0.0
0.0
0.0
0.0
0.0
0.0
0.0
