0.08946442726912406
0.08007580261593342
0.07177921455938698
0.06460149953758752
0.05837131721495574
0.052945195864711324
0.048250883538116
0.044121168582375477
0.04045593043995244
0.03731090632844497
0.034538495838287754
0.0320612861672612
0.029841086999603646
0.02783867584885718
0.025957028669573258
0.024268397410490156
0.022713948341920993
0.021306067512220903
0.02000656460562822
0.018807182256572862
0.017712049147839873
0.016699489694807768
0.015787050799312988
0.014973700290659269
0.01423879475492139
0.01356994814374422
0.012922777117188531
0.012346825868674858
0.011812161448011626
0.011315687343110054
0.010864628748843969
0.010416666666666666
0.010008959241643547
0.009615702206368081
0.009231734707358965
0.008866346280882547
0.008535019487382745
0.00821917525432686
0.00792810311798124
0.007659738736953362
0.007399631721495574
0.0071560394371779626
0.006926897542608007
0.006730785110318404
0.0065470587263839345
0.006380879244285903
0.00622295712775796
0.006066067181926278
0.005906080724005813
0.005762608997225525
0.0056242981239265424
0.005471536860879905
0.005326000792707094
0.005186657748711851
0.00505970075307174
0.004937904610912935
0.0048171406394503895
0.004698441009380367
0.00458490223279165
0.004486846016646849
0.004379500264235698
0.004269057999735764
0.004164808759413397
0.004079138591623729
0.004001725789404148
0.003917087792310741
0.003837610648698639
0.0037622621878715813
0.0036827850442594794
0.00362498348526886
0.0035713106090632845
0.0035124768793764038
0.003456739661778306
0.003404098956268992
0.003359715616329766
0.003323589641960629
0.003289528008984014
0.003252369863918615
0.003212115206764434
0.003163603184040164
0.0031099303078345884
0.0030500644074514466
0.002991230677764566
0.0029323969480776852
0.002876659730479588
0.0028229868542740126
0.0027755070022460033
0.0027280271502179943
0.0026805472981899854
0.0026330674461619765
0.0025814589113489234
0.002526753864447087
0.0024730809882415115
0.002419408112035936
0.0023636708944378385
0.0022986441405733913
0.002222263509050073
0.0021396898533491875
0.0020602127097370856
0.001985896419606289
0.0019053871052979257
0.0018393281807372176
0.0017784301096578148
0.001734046769718589
0.0016917277711718853
0.0016494087726251817
0.0016091541154710002
0.0015730281411018628
0.0015451595323028142
0.0015214196062888097
0.0014873579733121944
0.001448135486854274
0.0014078808297000925
0.0013748513674197384
0.0013428540758356454
0.0013077602721627691
0.0012788594926674594
0.0012509908838684105
0.0012282831285506672
0.001207639714625446
0.0011900928127890078
0.0011704815695600475
0.0011560311798123927
0.0011488059849385653
0.001146741643546043
0.0011415807900647377
0.0011364199365834324
0.001131259083102127
0.0011188730347469944
0.0011106156691769059
0.0011002939622142952
0.0010868757431629014
0.0010755218655040296
0.0010631358171488967
0.0010548784515788084
0.0010445567446161976
0.0010373315497423702
0.0010311385255648037
0.0010259776720834984
0.0010228811599947152
0.0010218489892984543
0.0010218489892984543
0.0010228811599947152
0.001018752477209671
0.0010104951116395825
0.001002237746069494
0.0009888195270181
0.0009743691372704452
0.0009609509182190514
0.0009475326991676575
0.0009361788215087859
0.0009186319196723478
0.0009031493592284317
0.0008856024573919936
0.0008690877262518167
0.0008546373365041617
0.0008381226053639847
0.0008185113621350244
0.0008019966309948474
0.0007885784119434536
0.0007699993394107544
0.0007545167789668384
0.0007431629013079667
0.0007349055357378782
0.0007297446822565729
0.0007256159994715286
0.0007266481701677897
0.0007266481701677897
0.0007287125115603118
0.0007307768529528339
0.000732841194345356
0.0007390342185229225
0.0007441950720042278
0.0007462594133967499
0.0007452272427004888
0.0007400663892191835
0.0007307768529528339
0.0007235516580790064
0.0007152942925089179
0.0007080690976350905
0.0007039404148500463
0.000700843902761263
0.0006977473906724798
0.0006936187078874356
0.0006884578544061302
0.0006822648302285639
0.0006719431232659533
0.0006605892456070815
0.0006502675386444709
0.0006378814902893381
0.000621366759149161
0.000604852028008984
0.0005862729554762849
0.0005687260536398468
0.0005511791518034087
0.0005336322499669705
0.0005160853481305324
0.0004985384462940943
0.0004809915444576562
0.00046344464262121815
0.00044589774078478004
0.0004283508389483419
0.0004118361078081649
0.00039635354736424893
0.0003788066455278108
0.0003612597436913727
0.00034268067115867355
0.00032410159862597434
0.00030449035539701415
0.00028591128286431495
0.00026630003963535475
0.0002466887964063945
0.00023017406526621746
0.00021469150482230148
0.00020024111507464657
0.00018682289602325275
0.00017237250627559784
0.00015792211652794293
0.0001445038974765491
0.00013108567842515524
0.00012076397146254459
0.00011147443519619501
0.00010218489892984542
9.495970405601796e-5
8.567016778966839e-5
7.63806315233188e-5
6.709109525696922e-5
5.88337296868807e-5
5.0576364116792176e-5
4.231899854670366e-5
3.406163297661514e-5
2.5804267406526622e-5
1.8579072532699166e-5
1.1353877658871714e-5
6.1930241775663895e-6
3.0965120887831948e-6
1.032170696261065e-6
0.0
0.0
0.0
0.0
0.0
0.0
0.0
0.0
0.0
0.0
0.0
0.0
0.0
0.0
0.0
0.0
0.0
0.0
0.0
0.0
0.0
0.0
0.0
0.0
0.0
0.0
0.0
0.0
0.0
0.0
0.0
0.0
0.0
0.0
0.0
0.0
0.0
0.0
0.0
0.0
0.0
0.0
0.0
0.0
0.0
0.0
0.0
0.0
0.0
0.0
0.0
0.0
0.0
0.0
0.0
0.0
0.0
0.0
0.0
0.0
0.0
0.0
0.0
0.0
0.0
0.0
0.0
0.0
0.0
0.0
0.0
0.0
0.0
0.0
0.0
0.0
0.0
0.0
0.0
0.0
0.0
0.0
0.0
0.0
0.0
0.0
0.0
0.0
0.0
0.0
0.0
0.0
0.0
0.0
0.0
0.0
0.0
0.0
0.0
0.0
0.0
0.0
0.0
0.0
0.0
0.0
0.0
0.0
0.0
0.0
0.0
