0.08946442726912406
0.08007580261593342
0.07151910754392918
0.06393471726780288
0.0572245755714097
0.05130404445765623
0.046144223147047164
0.04161299379046109
0.03758546373365042
0.03408227639054036
0.03098782864314969
0.02823606156691769
0.025774334456335053
0.023570650019817677
0.02156617452767869
0.019748521931562953
0.018100145329634033
0.016611755185625576
0.015259611573523584
0.014024103250099089
0.01292071277579601
0.011930861078081648
0.011052483815563483
0.010274227110582639
0.009574415378517638
0.008932405205443255
0.008340971396485665
0.007817660853481305
0.007335637138327388
0.006897996763112696
0.006507836239926014
0.006138319130664553
0.005802863654379707
0.005489083762716343
0.005193882943585679
0.004916229026291452
0.004658186352226186
0.004415626238604835
0.0041895808561236625
0.003976953692693883
0.003786002113885586
0.0036084687541286828
0.003438160589245607
0.003289528008984014
0.0031563779891663362
0.003038710529792575
0.0029323969480776852
0.002832276390540362
0.002738348857180605
0.0026526786893909366
0.002575265887171357
0.002501981767736821
0.002430761989694808
0.0023616065530453166
0.002293483287092086
0.002227424362531378
0.002162397608666931
0.002097370854802484
0.002033376271634298
0.001970413859162373
0.001907451446690448
0.001846553375611045
0.0017897839873166864
0.001734046769718589
0.0016824382349055356
0.0016318618707887435
0.0015843820187607346
0.0015379343374289866
0.0014925188267934997
0.0014512319989430573
0.0014120095124851367
0.0013748513674197384
0.0013387253930506012
0.0013025994186814638
0.0012675056150085876
0.0012324118113357114
0.0011973180076628352
0.0011642885453824812
0.001131259083102127
0.001098229620821773
0.00106623232923768
0.001036299379046109
0.0010073985995507993
0.0009784978200554895
0.0009495970405601797
0.0009206962610648698
0.0008917954815695601
0.0008628947020742502
0.0008339939225789404
0.0008050931430836306
0.0007772245342845818
0.0007503880961817941
0.0007245838287752675
0.000699811732065002
0.0006760718060509975
0.000652331880036993
0.0006285919540229885
0.000604852028008984
0.0005811121019949795
0.000557372175980975
0.0005336322499669705
0.0005098923239529661
0.00048615239793896157
0.00046241247192495706
0.0004386725459109526
0.0004149326198969481
0.00039119269388294357
0.0003674527678689391
0.0003468093539437178
0.0003282302814110186
0.00030965120887831946
0.00029313647773814244
0.00027765391729422646
0.0002632035275465715
0.0002508174791914388
0.000238431430836306
0.0002260453824811732
0.00021365933412604042
0.00020127328577090764
0.00018888723741577486
0.00017753335975690315
0.00016617948209803144
0.00015482560443915973
0.0001445038974765491
0.0001352143612101995
0.0001259248249438499
0.00011663528867750033
0.00010734575241115074
9.908838684106223e-5
9.186319196723478e-5
8.463799709340732e-5
7.741280221957987e-5
7.121977804201348e-5
6.502675386444709e-5
5.986590038314176e-5
5.470504690183644e-5
4.9544193420531116e-5
4.438333993922579e-5
3.9222486457920466e-5
3.5093803672876205e-5
3.199729158409301e-5
2.8900779495309816e-5
2.5804267406526622e-5
2.2707755317743427e-5
1.9611243228960233e-5
1.651473114017704e-5
1.4450389747654908e-5
1.2386048355132779e-5
1.1353877658871714e-5
1.0321706962610648e-5
9.289536266349583e-6
8.25736557008852e-6
7.225194873827454e-6
6.1930241775663895e-6
5.160853481305324e-6
4.12868278504426e-6
3.0965120887831948e-6
2.06434139252213e-6
1.032170696261065e-6
0.0
0.0
0.0
0.0
0.0
0.0
0.0
0.0
0.0
0.0
0.0
0.0
0.0
0.0
0.0
0.0
0.0
0.0
0.0
0.0
0.0
0.0
0.0
0.0
0.0
0.0
0.0
0.0
0.0
0.0
0.0
0.0
0.0
0.0
0.0
0.0
0.0
0.0
0.0
0.0
0.0
0.0
0.0
0.0
0.0
0.0
0.0
0.0
0.0
0.0
0.0
0.0
0.0
0.0
0.0
0.0
0.0
0.0
0.0
0.0
0.0
0.0
0.0
0.0
0.0
0.0
0.0
0.0
0.0
0.0
0.0
0.0
0.0
0.0
0.0
0.0
0.0
0.0
0.0
0.0
0.0
0.0
0.0
0.0
0.0
0.0
0.0
0.0
0.0
0.0
0.0
0.0
0.0
0.0
0.0
0.0
0.0
0.0
0.0
0.0
0.0
0.0
0.0
0.0
0.0
0.0
0.0
0.0
0.0
0.0
0.0
0.0
0.0
0.0
0.0
0.0
0.0
0.0
0.0
0.0
0.0
0.0
0.0
0.0
0.0
0.0
0.0
0.0
0.0
0.0
0.0
0.0
0.0
0.0
0.0
0.0
0.0
0.0
0.0
0.0
0.0
0.0
0.0
0.0
0.0
0.0
0.0
0.0
0.0
0.0
0.0
0.0
0.0
0.0
0.0
0.0
0.0
0.0
0.0
0.0
0.0
0.0
0.0
0.0
0.0
0.0
0.0
0.0
0.0
0.0
0.0
0.0
0.0
0.0
0.0
0.0
0.0
0.0
0.0
0.0
0.0
0.0
0.0
0.0
0.0
0.0
0.0
0.0
0.0
