0.9105355727308759
0.9011469480776853
0.8928679069229752
0.8857428326066852
0.8795766448672215
0.8742258719778042
0.8696265193552649
0.8655597668119963
0.8619430406922975
0.8588258851895891
0.8560555390408244
0.8536020692958118
0.8514056100541684
0.8494300353415246
0.8475886428193949
0.8459216871449333
0.8443961388558594
0.84304605958515
0.8418177764565993
0.8407061286167261
0.839717309089708
0.838792484145858
0.8379863588320782
0.8372999653190646
0.836684791584093
0.8361408376271634
0.8355844976218787
0.8351096991015986
0.8346689622142951
0.8342488687409169
0.8337916171224733
0.8333601697714361
0.8329658805654644
0.8326056529924692
0.8322898087594134
0.8320162835249042
0.831777852094068
0.8315425171753204
0.8313329865239794
0.8311781609195402
0.831066686484344
0.8310181744616197
0.8309810163165544
0.8309572763905404
0.8309273434403488
0.8308798635883208
0.8308664453692693
0.8308777992469283
0.8308994748315497
0.8309345686352226
0.8309386973180076
0.830920118245475
0.8308550914916105
0.8306961372043863
0.830438094530321
0.8301552797595455
0.8298673041352886
0.8296680951909103
0.829548363390144
0.8294864331483683
0.8294523715153918
0.8294399854670366
0.829429663760074
0.8294152133703263
0.8293708300303871
0.8292975459109526
0.8292087792310742
0.8291643958911349
0.829109690844233
0.8290601466508125
0.8290219563350508
0.8290302137006209
0.8290498249438499
0.8290787257233452
0.8291179482098031
0.8291592350376535
0.8291716210860087
0.8291943288413265
0.8292356156691769
0.8292180687673405
0.8292191009380367
0.8292180687673405
0.8292449052054433
0.8292985780816489
0.829358443982032
0.8294327602721627
0.8295204947813449
0.8295834571938169
0.8296133901440085
0.8296649986788215
0.8296815134099617
0.8296804812392654
0.8296608699960365
0.8296619021667327
0.8296598378253403
0.8296639665081252
0.8296350657286299
0.8295865537059056
0.8295865537059056
0.8295989397542608
0.829599971924957
0.8296082292905271
0.8295844893645131
0.8295751998282468
0.8295700389747654
0.829599971924957
0.8296402265821112
0.829667063020214
0.8297000924824944
0.8297331219447748
0.8297197037257233
0.8296887386048355
0.8296268083630598
0.8295225591227375
0.8293842482494385
0.829192264499934
0.8290229885057471
0.8288578411943454
0.8287515276126305
0.8286400531774343
0.8285554151803408
0.8284542624521073
0.8283644636015326
0.8282344100938037
0.8281157104637337
0.8279701743955609
0.8278690216673272
0.8277802549874488
0.8276656840401638
0.8275449200687013
0.8274241560972387
0.8273281642224865
0.8272342366891267
0.8271258587660193
0.8270381242568371
0.8269689688201876
0.8268936203593605
0.8268069180208746
0.8267243443651737
0.8266520924164354
0.8266159664420664
0.8265519718588982
0.826452883472057
0.8263465698903422
0.8262598675518562
0.8261855512617254
0.8261865834324217
0.826243352820716
0.8263352160126833
0.8264074679614216
0.8264363687409169
0.8264621730083235
0.8264910737878187
0.8265261675914916
0.8265385536398467
0.8265550683709869
0.8265096528603514
0.826476623398071
0.8264177896683842
0.8263506985731273
0.8262805109657815
0.8262412884793235
0.82625883538116
0.8263145725987581
0.8263806315233188
0.8264188218390804
0.8264136609855992
0.8264105644735104
0.8263950819130664
0.8263651489628748
0.8263486342317347
0.8263414090368609
0.8263445055489497
0.8263682454749637
0.8264043714493328
0.8264518513013608
0.8265230710794028
0.8265746796142159
0.8265922265160524
0.8265808726383934
0.8265891300039635
0.8265953230281411
0.8265777761263047
0.8265406179812392
0.8264910737878187
0.8263826958647114
0.8262206450653984
0.8260740768265292
0.8259429911481041
0.8258614496630995
0.8257861012022725
0.8257324283260669
0.8256849484740388
0.8256281790857445
0.8255982461355529
0.8255776027216277
0.8256034069890342
0.8256292112564407
0.825653983353151
0.8257159135949267
0.825816034152464
0.8259244120755714
0.8260327899986788
0.8261298140441273
0.8262639962346413
0.8263630846214823
0.826425014863258
0.8264497869599683
0.8264838485929449
0.8265622935658608
0.8266407385387766
0.8267006044391597
0.8267171191702999
0.8267635668516317
0.8268027893380896
0.8268234327520148
0.8267955641432158
0.8267563416567578
0.8267150548289074
0.826686154049412
0.826662414123398
0.8266748001717532
0.8266665428061831
0.8266489959043467
0.8266417707094729
0.8266417707094729
0.8266665428061831
0.8267067974633373
0.826721247853085
0.8267047331219448
0.8266489959043467
0.8265602292244683
0.8264508191306645
0.8264136609855992
0.8263795993526225
0.8263321195005945
0.826278446624389
0.8262237415774871
0.8261174279957723
0.8260007927070947
0.8258893182718985
0.825811905469679
0.8257830046901836
0.8257830046901836
0.8258170663231602
0.8258263558594267
0.8258562888096181
0.8259037686616462
0.8259842779759545
0.8260389830228564
0.8260823341920993
0.8260947202404545
0.8260905915576694
0.8260843985334919
0.8260204039503237
0.8259130581979125
0.8258077767868939
0.8257045597172677
0.8256426294754922
0.8256168252080857
0.8256281790857445
0.8256312755978332
0.8256653372308099
0.8257241709604968
0.8257737151539173
0.8258377097370855
0.8258986078081649
0.8259729240982957
0.8260482725591227
0.8261050419474171
0.8261318783855199
0.8261256853613423
0.8260905915576694
0.8260534334126041
0.8260668516316554
0.8261091706302022
0.8261256853613423
0.8261298140441273
0.826120524507861
0.8260916237283658
0.8260420795349451
0.825973956268992
0.8259006721495574
0.8258428705905668
0.8257933263971462
0.8257169457656229
0.825677723279165
0.8256333399392258
0.8256075356718192
0.8255517984542212
0.8254609674329502
0.8253722007530717
0.8252627906592681
0.825120351103184
0.8249696541815299
0.824835471991016
0.824744640969745
0.8246940646056282
0.8246249091689787
0.8245485285374554
0.8244865982956797
0.8244287967366891
0.8244153785176377
0.824436021931563
0.8244504723213106
0.8244742122473246
0.8244804052715021
0.8244659548817546
0.8244711157352358
0.8244938234905536
0.8245103382216937
0.8245051773682125
0.8245020808561236
0.8245196277579601
0.8245340781477077
0.8245702041220769
0.8246011692429647
0.8246445204122077
0.8247178045316422
0.8247797347734179
0.8248251502840533
0.8248664371119038
0.8248685014532964
0.8248292789668384
0.8248076033822169
0.8247394801162637
0.8246713568503105
0.8246383273880301
0.8246465847536002
0.8247012898005021
0.8247673487250627
0.8248303111375347
0.8248850161844365
0.8249376568899458
0.8249810080591888
0.825021262716343
0.8250563565200159
0.8250666782269784
0.8250470669837495
0.8250037158145065
0.8249603646452636
0.824926303012287
0.8248901770379178
0.8248540510635487
0.8247972816752543
0.8247074828246796
0.8246372952173339
0.8245846545118245
