0.01247533112035936
0.009612477774068234
0.005907816139575005
0.004262814556167273
0.0034568679418898575
0.0029838538090901073
0.0026467697573947175
0.002386170692306399
0.0021759776091088145
0.001979710009856102
0.0018206943116024406
0.0016980272078513426
0.001575379047876381
0.001465861531709898
0.0013792956967813043
0.001313441794035116
0.001273362887388343
0.0012248502139021375
0.0011667101483308225
0.0011220962849204583
0.0010932931926956738
0.0010791839702135094
0.0010636581004148133
0.0010459619425510075
0.0010312677081588883
0.0010186609929188136
0.000994951920007952
0.0009689207867300463
0.0009696323291291078
0.0009752621064959845
0.0009500456855451933
0.0009282432855088808
0.0009243118332913468
0.0009311470118529457
0.0009368564023656163
0.000927823349590612
0.0009122562587501065
0.0008991915914151175
0.000886343335380258
0.000888422502289557
0.0008930265996366131
0.0008975166070198334
0.0009100878140958693
0.0009195948845165323
0.0009164671666445506
0.0009072497679898202
0.0009051776209409781
0.000904974841281179
0.0008970228349277177
0.0008852137479498216
0.0008860632640937413
0.0009018797777619091
0.0009086925547244125
0.0009009567635424776
0.0008897476784447333
0.0008846226858537597
0.0008941442246127896
0.0008995687155842765
0.0008891389736754948
0.0008751168133128368
0.0008510199516988043
0.0008265478786453629
0.0008090680777063805
0.0008044261574305772
0.0008219054121940581
0.0008408893923815049
0.000851278213971452
0.0008592060055328904
0.0008569337533857757
0.0008517188634258111
0.0008500597341385767
0.0008392938642782383
0.0008173386095451656
0.0008154882538428193
0.0008364463742064916
0.0008615079336868243
0.0008774648854863094
0.0008803587503810911
0.0008754153156637674
0.0008648765099083248
0.0008538538573078267
0.000845935300009762
0.0008427962285665999
0.0008347268133083157
0.0008263277501515298
0.0008190515049780338
0.0008048568108174805
0.000804987051276001
0.0008293806186110476
0.0008541450917293378
0.0008624504810352902
0.0008642808599333319
0.0008699382042133344
0.0008755110819583257
0.0008604780091517277
0.000835539731337968
0.0008361490729343673
0.000849080224714628
0.0008550780552022
0.0008592763473982299
0.0008668705175026233
0.0008676291750656195
0.00087093748445315
0.0008843298071856649
0.0008899829601307029
0.0008798519742143717
0.0008695141078461575
0.0008648446917097061
0.000851568558841225
0.0008335038915351433
0.0008217464575426402
0.000838845049315661
0.0008625352041484326
0.0008580230210179838
0.00084364831300275
0.0008402256301064851
0.0008326250800014002
0.0008170981880598633
0.0008091789376778706
0.0008180451935434491
0.0008296281550224384
0.000832607451400147
0.0008259201397975481
0.0008214846640245225
0.0008224269871441366
0.0008095329079398491
0.0007958845259275749
0.000796724719036326
0.0008021769128112063
0.0007960313239099726
0.0007829096616345539
0.0007720326926210641
0.0007630799644688503
0.0007711683652342259
0.0007973989649628741
0.0008177159590265818
0.0008093117780782953
0.000800226505295354
0.0007924601890721459
0.0007835820494591824
0.0007797351805947475
0.0007745452780775677
0.0007650697268338885
0.0007638660921056374
0.0007704859122292365
0.0007678333675983945
0.0007677283099145633
0.0007674462016656552
0.0007652308415278633
0.0007751446432567587
0.0007813233858351793
0.0007707824337946002
0.0007620014299811273
0.0007648201950269688
0.0007770299628455334
0.0007864997611753857
0.0007849467993180147
0.0007837277518979785
0.0007896138705738037
0.0007921062515189152
0.0007869665830817032
0.0007926180333870093
0.0008120334568910406
0.0008183868714941638
0.0008017222174798421
0.0007732633849377757
0.0007512583541473164
0.0007436992991520056
0.0007329400656402064
0.000712220145972436
0.0007104953543421312
0.0007253085643910623
0.0007507749208866441
0.0007872875395103075
0.000814736310683297
0.0008138405482074438
0.0007962927932304226
0.0007782475972350391
0.0007692651031568525
0.0007732759845008501
0.0007764138993154586
0.0007723063326704677
0.0007751820429607654
0.0007856953832874826
0.0007782131514213595
0.0007578241969917686
0.0007507056739912904
0.0007505619775890715
0.0007513098256101147
0.0007407489537974674
0.0007150557363388254
0.0006920410212456126
0.0006757544987526398
0.0006605355851190994
0.0006494564433192578
0.0006351816656716199
0.0006286452429128352
0.0006356124749747374
0.0006413013932264022
0.000654984040445053
0.0006748343236878528
0.0006970114632095475
0.0007148194575266226
0.0007298175201172488
0.000749499624085241
0.0007611013405518158
0.0007595685021472658
0.0007455887196064982
0.0007319903961992366
0.0007464513851327387
0.0007686071190710743
0.0007699227768775101
0.000767193488076533
0.0007698893074666896
0.000767615794984272
0.0007594852776481574
0.0007616599991303528
0.0007762423567063632
0.0007946282336928575
0.0008101661239483537
0.0008150634084917377
0.0008155141665262067
0.0008079194516632965
0.0008000245041800542
0.0007992840869815837
0.0008082683981163063
0.000831110609529069
0.0008530007240813501
0.000857604196358557
0.0008419615598348424
0.0008196604020185713
0.0008145172463173905
0.0008284021133278468
0.0008369699714537769
0.000820278976273151
0.0008066821241644714
0.0008097159100419822
0.0008103805219937425
0.0008131876557446512
0.0008154621150603835
0.0008000723106605628
0.0007863027599568581
0.000780288989287158
0.0007708480261130437
0.0007575407622825185
0.0007565045315032398
0.0007625377575510595
0.0007701335108819967
0.000783390476776481
0.0007903326774255021
0.0007984627352731355
0.0008012191615689217
0.000802673367008213
0.0008057045470067551
0.000809697345032392
0.0008147198563634221
0.0008154297807185139
0.0008147130260233497
0.0008206457688646171
0.0008243903538712656
0.0008034609677853418
0.0007797682470115238
0.0007705916885891547
0.0007619749558507605
0.0007608519714092175
0.0007650245629726135
0.0007667402728571929
0.000759812672442534
0.0007512006766595322
0.0007531658029843955
0.0007602164858484683
0.0007602050538902031
0.0007537583468810943
0.000743786818946622
0.0007302349069421946
0.0007233753400856565
0.000718406685621987
0.0007301480563705349
0.0007500296524616119
0.0007583312293758921
0.0007636275745542682
0.000772363302249573
0.0007750721348962716
0.0007787176483027116
0.0007861116867492651
0.0007836402965083274
0.0007753932577665235
0.0007717598817159279
0.0007817082121608331
0.0007946903357139789
0.0007923621947392853
0.0007825096340175596
0.0007711881097853062
0.0007560329389390883
0.0007375871420423194
0.0007364590063576152
0.0007444634967644394
0.0007494046726701078
0.0007609242816844976
0.0007830939898170212
0.0007985076476353708
0.0007999477929378079
0.0007910886893797821
0.0007743159169568251
0.0007614578247747515
0.0007523799264430877
0.0007476277095227979
0.0007487784252845169
0.0007529070343944978
0.0007559774825363796
0.0007568747727958833
0.0007532118500440573
0.0007381082267290911
0.0007331659094945609
0.0007479936590351558
0.000762581073115254
0.0007640173583504538
0.0007652094303570724
0.0007674871797348541
0.0007674831558512286
0.0007631411538631444
0.0007556897657123687
0.0007558833317631425
0.0007780450534325146
0.0008099082754930015
0.0008256535406515553
0.0008316723454705491
0.0008315840882693585
0.0008185815750839067
0.000799875227344646
0.0007818952472799831
0.0007761086313165013
0.0007819045610010565
0.0007926941831605511
0.0008005108037089543
0.0008070241120399081
0.0008053169108922109
0.0007934056971181778
0.0007842322402076366
0.0007822185337096454
0.0007931980914689633
0.0008038069448082003
0.0008036410719415196
0.0008006775143778773
0.0007934131831303461
0.0007868718469570435
0.0007823034415031239
0.0007777470618279212
