0.013149792224286017
0.0130897240410547
0.012257351062825715
0.011332630736517682
0.01047496219269113
0.009689194569522774
0.008974958789857115
0.008350788979697921
0.007737264501178151
0.0071752383404244365
0.006701272654328537
0.006274477855970195
0.005912703629564253
0.0056169698273439645
0.005366421860860836
0.005123920675040596
0.0048867178828870305
0.004678074302273442
0.00450241508962108
0.004325310217708692
0.004152458576908334
0.004018506375397679
0.0039010745934062313
0.003803230434276153
0.003707409479294976
0.0036094232662345262
0.0035266874271014533
0.0034568887837578837
0.0033906609203801607
0.003328058823602599
0.003273492686731394
0.0032130754729334824
0.0031571940793391202
0.003117680042473334
0.0030725453633466764
0.003042032898858148
0.003047135258811935
0.0030494636262755263
0.0030443515278917124
0.003047355858463467
0.003050845317869517
0.0030338947325027486
0.0030262854046899327
0.0030169308282088966
0.002973083642843427
0.0029404218702992254
0.0029323229782147594
0.002923938867660701
0.0029259415680294213
0.0029426837430327813
0.0029472130663508265
0.002939399502880742
0.0029197592351192987
0.00290958040912748
0.00289603547649714
0.0028507405401207355
0.002791206239519722
0.0027404761230981007
0.0027366315984198013
0.0027464476741325965
0.002756527822949228
0.0027511086350286975
0.0027475895008635103
0.00277587032033056
0.002827158968273651
0.002868917932746229
0.0028856884455245374
0.0028654121991936714
0.0028426060654403434
0.0028462164719400148
0.0028417568204320834
0.0028176308431395935
0.0028004352421183076
0.0027928004985869276
0.002790319056551671
0.0027897393137388876
0.002781347356044357
0.0027667327775194248
0.0027712587669386796
0.0027946024335356243
0.0028043941291306267
0.0028205833490987926
0.0028574395197961113
0.0028869424603649436
0.0029000339035338426
0.002924791298213217
0.0029550316673275893
0.0029657200482142284
0.002965804794118993
0.0029862752180343554
0.0029949441454500303
0.00297225023553896
0.0029320659787220277
0.0028903756006571236
0.002876340698111334
0.0028852359350819467
0.0028926673565059244
0.0028945782785071393
0.0029081011862706996
0.002943085987223734
0.002979472671528328
0.0030127210098745546
0.0030289172238009104
0.003033266403837916
0.003043130128342626
0.003034338740047594
0.0030027195653731112
0.0029828499197812443
0.0029704795610895726
0.00296661208749275
0.002988797061165965
0.0030107827160692786
0.0030104029844914464
0.002983007817756388
0.002940797572385475
0.0028931359492747385
0.002845381898961859
0.0028032386271912148
0.002770299271532072
0.0027541768265118265
0.0027430107785572375
0.0026985963877640233
0.0026377966202544927
0.0026025906149094316
0.002592003454078846
0.002602418298015257
0.002590712617394495
0.002556371348068805
0.0025261029844698118
0.0025118349496940423
0.002501801712351578
0.002490645989170874
0.0024652140252809413
0.0024490216720522303
0.0024638751598461584
0.0024617398275993984
0.0024495295126359257
0.0024584441077935837
0.002477332301173054
0.0024864543410547317
0.0024775184530971004
0.0024637764387141358
0.002456041114976553
0.0024223745737178347
0.002392525090170609
0.002407237210158244
0.002451082102311981
0.0025008093296649083
0.0025452736468340276
0.0025681306011565933
0.0025778153581510715
0.0025778083177935758
0.002572402545492185
0.0025650362456664725
0.0025642801442871915
0.0025480755595492506
0.002536748132907746
0.0025153852493504055
0.002494407680387264
0.0024609222892542134
0.002428938676006358
0.0024062803147401036
0.002401435689296708
0.0024390534218699687
0.0024774406235007975
0.0024756630131362546
0.0024530699667201336
0.002439459257909791
0.002423659261493587
0.002406042955964618
0.0023841424838653585
0.0023953081948828296
0.0024195131777366157
0.0024347385146643646
0.0024660974912934686
0.002491501293890731
0.002495871229414743
0.002483985547970841
0.002493871602115874
0.002496500618110933
0.002458143690728797
0.0024242424285490748
0.0024075373637920364
0.002369864244797718
0.0023252394121937303
0.0023175209975208264
0.002318403338015717
0.0023137351734133084
0.002319804726013026
0.0023315750963090877
0.0023156648932622544
0.0022648949612727193
0.002234858072695116
0.0022150283624342106
0.002174627245496103
0.002145901546077641
0.002143943144517728
0.0021428986993030624
0.00215705993190226
0.002182292523002842
0.0022236398509136632
0.0022536956756482236
0.0022645869205378632
0.0022974811753995908
0.0023485923041887758
0.0023826116549347464
0.0024088204823461455
0.0024395189841215368
0.0024651185762026135
0.0024812689775222
0.0024782695265483765
0.0024811978632523985
0.0024895413149246806
0.0025023224537307825
0.002521127411281823
0.0025226415200049566
0.0025007910370916557
0.002483458252119674
0.002491266340098813
0.0025064331796401107
0.002508945679184531
0.0024999607294950484
0.0024965805048521054
0.002490414301894859
0.002484403763103649
0.0024981653632367568
0.0025072259206490796
0.0025330220761999155
0.0025899977355829168
0.0026262251194987722
0.002625694573312471
0.0026195691334973854
0.002598798303470627
0.0025534920898144173
0.002530070282037842
0.0025383029896414483
0.0025621390868803594
0.0025833689183903863
0.0025954357548916332
0.002599732777375211
0.002586977531382599
0.0025501815351207735
0.0025078460126211222
0.0024576954614277417
0.0023955429337438982
0.002356018511474254
0.002354752732680441
0.0023809719526074495
0.0024041794063504414
0.0024217016417044115
0.002432635194345315
0.0024322965481717498
0.0024301455709891404
0.002439433301196214
0.002431667793566084
0.00241478069609926
0.0024148290952295363
0.0024036838123679847
0.0023858397312896593
0.002391015708210706
0.002399045265434407
0.002397582121005336
0.0023810657042023947
0.002371067713362786
0.0023730063824968796
0.0023709211042715994
0.002349270116033894
0.00231973137202525
0.0023175678219039
0.002355025362656821
0.0023863515261403805
0.002401042658860127
0.002417492478162388
0.0024069178689403482
0.002389937030986576
0.0023813240124479526
0.002367505631225411
0.002356499593470792
0.0023333411351221605
0.0023025241922156625
0.00227702826455821
0.0022664388126909
0.0022761474680389614
0.0022962728004326484
0.0023074424115726265
0.002313960165647621
0.002311981016483225
0.0022929962213205407
0.0022826472160426886
0.002290019972832891
0.002295595063166391
0.0022926172307820842
0.0023107332943208855
0.002318814418593251
0.002293921690573177
0.002269400940736732
0.0022581749792029353
0.0022440979892199174
0.002222814368318957
0.0022228639432078116
0.002231962270836443
0.002236340545641936
0.0022550712800809805
0.0022944837070241948
0.0023127646324437325
0.0023021867446897095
0.002269239053784908
0.0022380400973737347
0.00220293389139957
0.002153435870908114
0.0021172296450226785
0.0021181613676507067
0.0021335544466482476
0.0021353231711711594
0.0021375904284060485
0.0021587389126205394
0.00219084720986079
0.0022336914515615385
0.0022757002006729707
0.0022871636526636523
0.002298020944723482
0.0022926533810792345
0.00226447505829707
0.002235241944817396
0.0022028130003630924
0.0021614381623512144
0.00214416709778849
0.002145260606139242
0.0021523318061112814
0.002150317216598279
0.00215868075327347
0.002186875893497243
0.0022286611432814113
0.0022776520173208533
0.002305678781190127
0.0023213640464613675
0.0023332856886599464
0.0023169758341169233
0.0022841050865149144
0.0022606909054396903
0.0022715924313354945
0.002290539015980221
0.002306814056120245
0.0023003739983057593
0.002273263296945267
0.0022446642407446676
0.0022487089208393252
0.002269259679503144
