0.08946442726912406
0.08007580261593342
0.07181017968027481
0.06470884528999868
0.058584976549081784
0.05328787653587
0.04876490454485401
0.04477143612101995
0.0412362514863258
0.038222313053243494
0.035569634363852555
0.03322557471264368
0.031119946492271105
0.02924242799577223
0.02749909168978729
0.025940513938433083
0.024521279231074118
0.023275449200687012
0.022141093605496102
0.021119244616197647
0.020212998744880434
0.01935423272559123
0.01860797331219448
0.017978349187475227
0.017416848328709208
0.016919342053111377
0.016405321046373364
0.015979034548817547
0.015583713172149558
0.015208003038710529
0.014805456467168715
0.014410135090500726
0.014042682322631788
0.013712387699828247
0.01342441207557141
0.013164305060113622
0.012926905799973576
0.012692603051922314
0.01248410457127758
0.012326182454749637
0.012200257629805786
0.012129037851763773
0.012065043268595588
0.012022724270048883
0.011972147905932092
0.011899895957193816
0.011856544787950852
0.011828676179151803
0.011812161448011626
0.011832804861936847
0.011832804861936847
0.01181525796010041
0.011750231206235962
0.011589212577619237
0.011330137732857709
0.011043194279297133
0.010758315167129079
0.010564267076231999
0.010461050006605892
0.0104104736424891
0.010379508521601268
0.010360929449068568
0.010344414717928392
0.010316546109129344
0.010262873232923768
0.010174106553045317
0.010082243361078082
0.01003269916765755
0.009974897608666931
0.009930514268727705
0.009891291782269785
0.00988716309948474
0.009890259611573523
0.009910903025498744
0.00994496465847536
0.009991412339807108
0.009998637534680936
0.010017216607213634
0.010053342581582771
0.010045085216012684
0.010055406922975295
0.010058503435064077
0.010083275531774342
0.010134884066587396
0.010185460430704188
0.010246358501783591
0.010324803474699431
0.010389830228563879
0.01042079534945171
0.010475500396353548
0.01049820815167129
0.010494079468886246
0.010479629079138592
0.010483757761923635
0.010501304663760074
0.010534334126040427
0.0105271089311666
0.010493047298189985
0.010499240322367551
0.010512658541418946
0.010505433346545119
0.010505433346545119
0.010464146518694676
0.010449696128947021
0.010445567446161977
0.01048891861540494
0.010532269784647906
0.010558074052054433
0.010583878319460959
0.010602457391993659
0.01056529924692826
0.010509562029330163
0.010433181397806844
0.010319642621218126
0.010179267406526622
0.009985219315629542
0.00981903983353151
0.009667310741181134
0.009583704914783987
0.009506292112564407
0.00946087660192892
0.009394817677368212
0.009334951776985071
0.009243088585017836
0.009152257563746862
0.00903355793367684
0.008968531179812392
0.008920019157088123
0.0088198985995508
0.008712552847139649
0.008604174924032237
0.008527794292508918
0.008457606685163165
0.008370904346677236
0.0082976202272427
0.008244979521733387
0.00817066323160259
0.00808396089311666
0.008001387237415775
0.007931199630070022
0.007894041485004624
0.007830046901836437
0.0077257976615140705
0.007602969348659004
0.007496655766944114
0.007409953428458185
0.007393438697318008
0.007430596842383406
0.007506977473906724
0.007572004227771172
0.007602969348659004
0.007644256176509446
0.007695864711322499
0.007748505416831814
0.0077774061963271236
0.007802178293037389
0.007762955806579469
0.007736119368476681
0.007680382150878583
0.007616387567710397
0.007557553838023517
0.0075369104240982955
0.0075554894966309944
0.007605033690051526
0.007663867419738407
0.007703089906196327
0.007690703857841194
0.007685543004359889
0.0076772856387898
0.007654577883472057
0.007644256176509446
0.0076432240058131855
0.007653545712775796
0.007690703857841194
0.007726829832210331
0.007775341854934601
0.007849658145065398
0.007897137997093408
0.007916749240322367
0.007903331021270974
0.00790023450918219
0.007893009314308363
0.007863076364116792
0.0078125
0.007743344563350509
0.0076194840797991804
0.007448143744219844
0.007300543334654512
0.0071746185097106615
0.0070889483419209936
0.007009471198308892
0.006952701810014533
0.0069093506407715685
0.006860838618047298
0.006837098692033293
0.006817487448804334
0.006841227374818338
0.0068484525696921655
0.006859806447351037
0.0069155436649491345
0.007010503369005152
0.007115784780023781
0.0072200340203461486
0.0073088007002246
0.007426468159598362
0.007514202668780552
0.007586454617518827
0.007625677103976747
0.007675221297397278
0.00776398797727573
0.007852754657154182
0.00792810311798124
0.007962164750957854
0.008027191504822302
0.0080829287224204
0.008107700819130665
0.008086025234509181
0.00805506011362135
0.008024094992733518
0.007992097701149425
0.007952875214691504
0.00795803606817281
0.007954939556084027
0.00793842482494385
0.007933263971462545
0.007935328312855067
0.007953907385387766
0.00798796901836438
0.007990033359756904
0.00796732560443916
0.007915717069626106
0.0078310790725327
0.007716508125247721
0.0076772856387898
0.007634966640243097
0.007575100739859955
0.007499752279032898
0.007421307306117056
0.007304672017439556
0.007176682851103184
0.007063144074514467
0.006986763442991148
0.006959927004888361
0.006948573127229489
0.006971280882547232
0.006983666930902365
0.007015664222486458
0.007063144074514467
0.007135396023252741
0.007180811533888228
0.007219001849649888
0.0072262270445237154
0.007225194873827454
0.007234484410093804
0.007191133240850839
0.007099270048883604
0.006992956467168714
0.006892835909631391
0.006822648302285639
0.0067875544986127625
0.006782393645131457
0.006782393645131457
0.006822648302285639
0.006897996763112696
0.006954766151407055
0.007020825075967763
0.007083787488439688
0.00716326463205179
0.00724067743427137
0.0072902216276919014
0.007313961553705906
0.007303639846743295
0.007265449530981636
0.0072293235566124985
0.007248934799841459
0.0072964146518694675
0.007317058065794689
0.007323251089972256
0.007313961553705906
0.007285060774210596
0.007237580922182587
0.007179779363191967
0.007126106486986392
0.0070858518298322105
0.007053854538248117
0.006990892125776193
0.006965087858369666
0.006932058396089312
0.0069155436649491345
0.006862902959439821
0.006773104108865107
0.006674015722024046
0.006554283921257762
0.006409780023781213
0.006252890077949531
0.006113547033954287
0.006018587329898269
0.005973171819262783
0.005906080724005813
0.005826603580393711
0.005764673338618047
0.005704807438234906
0.005692421389879773
0.005711000462412472
0.005731643876337693
0.005764673338618047
0.005785316752543269
0.005786348923239529
0.005802863654379707
0.005828667921786233
0.00584518265292641
0.005838989628748844
0.005840021799445105
0.005865826066851632
0.005890598163561897
0.0059287884793235565
0.005954592746730083
0.005996911745276787
0.006072260206103844
0.006132126106486987
0.00617444510503369
0.006209538908706566
0.006209538908706566
0.00617444510503369
0.006156898203197252
0.006094967961421588
0.006036134231734707
0.00600929779363192
0.006024780354075836
0.006080517571673934
0.006152769520412208
0.006216764103580394
0.006269404809089708
0.006315852490421456
0.006350946294094332
0.006374686220108337
0.006392233121944774
0.006391200951248514
0.0063581714889681595
0.006299337759281279
0.006238439688201876
0.006199217201743956
0.0061599947152860355
0.0061207722288281145
0.006058841987052451
0.005965946624388955
0.005886469480776853
0.005833828775267539
