0.9105355727308759
0.9011469480776853
0.8920493955608403
0.8832129822301493
0.8745871317214956
0.8661357180605099
0.8578731916369402
0.8497407187210992
0.841745524507861
0.8338886411679218
0.8261329105562162
0.818489686550403
0.8109300683709869
0.803469538578412
0.7960915824415379
0.788805489496631
0.7815926806711587
0.7744562524772096
0.7673951727440878
0.7603918945699564
0.7534546753203858
0.7465597750693619
0.7397329980842912
0.7329691835116924
0.7262838139120095
0.7196820501387238
0.7131370557537323
0.7066684420002642
0.7002565976350905
0.6939056513409961
0.6876052814110186
0.6813658095521204
0.6751831070815167
0.6690520131457259
0.6629942033293698
0.6569941950720042
0.6510426988373629
0.6451510685031048
0.6393265292641036
0.6335618559254855
0.6278653058528207
0.6222461685823755
0.6166848328709209
0.6111874917426344
0.605757241709605
0.6003693106751222
0.5950495029065926
0.5897854323556613
0.5845698738274541
0.5793997308098824
0.5742677781080724
0.5691874339410754
0.5641452800898401
0.5591516382613291
0.5541920580657946
0.5492820220636808
0.5444194659135949
0.539604389615537
0.5348388575108998
0.5301342234773417
0.5254904875148633
0.5208921670630202
0.5163258439027613
0.511797711058264
0.5073057041881358
0.5028539519751618
0.4984445187607346
0.49407946888624654
0.4897433197912538
0.48543916798784514
0.4811701099881094
0.4769444031576166
0.47276204749636674
0.46861375346809353
0.4645057140969745
0.4604338007002246
0.45639182025366626
0.4523849336107808
0.44841520511296074
0.4444733452239398
0.4405696756506804
0.43669284251552387
0.4328603927203065
0.4290816158012948
0.4253441257101334
0.42163760073985995
0.41796100871977804
0.4143122853084952
0.41069143050601137
0.40711599121416303
0.40357461355529134
0.4000734905535738
0.3966136543797067
0.39318168681463866
0.3897858452239398
0.3864220009248249
0.3830808643810279
0.3797624355925486
0.3764791006077421
0.37322466640243096
0.37000635817148897
0.36680766118377595
0.36363167195138063
0.3604783904743031
0.35734575241115074
0.3542502724930638
0.3511857576958647
0.34814085414189455
0.34513001222090106
0.34214703890870657
0.3391939985467037
0.33626573028141105
0.33335810543004357
0.3304700918219051
0.3276099468225657
0.32476734872506274
0.32194126535869994
0.3191327288941736
0.3163386428193949
0.3135631358171489
0.3108185939357907
0.3080988241511428
0.3053955690976351
0.30271089311666005
0.3000530535737878
0.2974168896155371
0.29480240124190776
0.2922116527942925
0.2896456764433875
0.28710447218919277
0.28458081483683445
0.28207883306909765
0.27960265556876734
0.2771481536530585
0.27471223080988244
0.2722959192099353
0.26990850838948344
0.26753761230017176
0.2651852952833928
0.26285671819262785
0.2605456880036993
0.25825323688730345
0.2559773005020478
0.25372097536002114
0.2514801327784384
0.24926096578147708
0.24705831351565596
0.2448804333465451
0.242725260932752
0.2405866032500991
0.2384603316158013
0.2363423173470736
0.23423256044391597
0.2321320930770247
0.23004401175848857
0.22797967036596645
0.2259318437045845
0.22389949960364644
0.22188676674593738
0.2198946773021535
0.21791394173602854
0.2159713964856652
0.2140556876734047
0.21216371878715815
0.21029136114414057
0.20844171125644073
0.20660960827057737
0.20479608435724667
0.20299184998018233
0.20120103382216936
0.1994267323952966
0.1976720422116528
0.19594005978332674
0.1942287207689259
0.1925421538512353
0.19088655205443256
0.18925056150085875
0.18763211784912143
0.18603018892852424
0.18444167822697846
0.18285936054961024
0.18129046109129343
0.17972878682785046
0.17817949861276258
0.1766436286167261
0.17511498381556348
0.17359459637997093
0.17209175584621483
0.17060543004359888
0.16913458680142687
0.16767509743691372
0.16622592977936318
0.16479018034086404
0.1633709456335051
0.16196719348659003
0.1605768595587264
0.1592009760206104
0.15782922116527942
0.15647191669969612
0.15512906262386048
0.1537975624256837
0.15247638393446955
0.15115933412604043
0.14985260602457393
0.14855826397146255
0.1472814688201876
0.14601499537587528
0.14475884363852556
0.14351611012022725
0.1422867948209803
0.14106986557008852
0.13986738670894439
0.13868245474963667
0.13751610186286167
0.1363672958779231
0.13522674725855463
0.13409342383405998
0.13296732560443916
0.13185361342317348
0.13074919077817412
0.12965405766944113
0.12856924626767077
0.12749372440216672
0.12643265292641037
0.12537777447483156
0.12433528207160788
0.12330517571673934
0.1222853910688334
0.12127489595719382
0.12027472255251684
0.119286935196195
0.11830637303474699
0.11733303606817282
0.11636485995507993
0.11540184469546835
0.11444399028933809
0.11349026456599287
0.11254066752543268
0.11159932785044259
0.1106631490289338
0.10973316323160259
0.10881349914123398
0.10789899590434668
0.10698965352094068
0.10608856850310477
0.10519574085083895
0.10430704188135817
0.10342660027744749
0.1025513195270181
0.10168016745937376
0.10081211190381821
0.09995541022592153
0.09910180506011362
0.09825439291848329
0.09741420597172679
0.09657917987845158
0.09574828246796142
0.09492667459373762
0.09410919540229885
0.09329790923503765
0.09249797694543532
0.09170733419209935
0.09091978795085216
0.09014256341656758
0.08937978927203065
0.08862424032236756
0.08787282005548949
0.08712552847139649
0.08638133339939226
0.08564023483947682
0.08490223279165016
0.08417042376800106
0.08344480776852953
0.08272228828114678
0.08200492964724534
0.08129789272030652
0.08060014532963404
0.07990859096313913
0.07922116527942925
0.07854406130268199
0.07787624686220108
0.07721359327520148
0.07655713271237945
0.0759089295151275
0.07526691934205311
0.07462697351037124
0.07399528504425948
0.07336875743162902
0.07274945501387238
0.07213737779098957
0.07153046142158806
0.07093077024706038
0.07033830426740653
0.06974996697053772
0.06916369401506144
0.06858051757167394
0.06800146981107147
0.06742655073325406
0.06685782467961422
0.0662963238208482
0.06574101598625974
0.06519396551724138
0.06465517241379311
0.06412050799312988
0.06358790791385917
0.0630645973708548
0.06254541551063549
0.062029330162504955
0.061516341326463206
0.06100644900251024
0.060497588849253534
0.05999079303738935
0.05948606156691769
0.05898442660853481
0.0584838238208482
0.0579852853745541
0.05749293995243757
0.05700781972519487
0.0565247638393447
0.05604583663627956
0.05556690943321443
0.05509417525432686
0.054625569758224336
0.054162125115603116
0.053702809155766945
0.05324658970801956
0.052795531113753465
0.05234756903157617
0.05190373563218391
0.051469191769058
0.05103774441802088
0.050609393579072535
0.050182074910820454
0.049757852754657154
0.04933672711058264
0.04891869797859691
0.04850376535869996
0.04809296142158806
0.04768525399656494
0.04728477176641564
0.046886353877658875
0.046496193354472186
0.046113258026159336
0.04573032269784648
0.04534841954022988
0.044968580724005815
0.04459493493195931
0.04422438565200158
